0	0.498507	-0.396681
0.01	0.492112	-0.879603
0.02	0.480976	-1.34426
0.03	0.465302	-1.78642
0.04	0.445336	-2.20215
0.05	0.421359	-2.58787
0.06	0.393689	-2.94035
0.07	0.362673	-3.25676
0.08	0.328682	-3.53469
0.09	0.292114	-3.77215
0.1	0.25338	-3.96759
0.11	0.212906	-4.11991
0.12	0.171128	-4.22846
0.13	0.128484	-4.29303
0.14	0.0854129	-4.31386
0.15	0.0423502	-4.29159
0.16	-0.0002788	-4.22732
0.17	-0.0420609	-4.1225
0.18	-0.0825996	-3.97897
0.19	-0.121518	-3.79892
0.2	-0.158465	-3.58486
0.21	-0.193111	-3.33957
0.22	-0.225162	-3.06611
0.23	-0.254351	-2.76773
0.24	-0.280445	-2.44787
0.25	-0.303248	-2.11014
0.26	-0.3226	-1.75822
0.27	-0.338378	-1.39587
0.28	-0.350496	-1.02689
0.29	-0.358906	-0.65506
0.3	-0.3636	-0.284111
0.31	-0.364604	0.0823035
0.32	-0.361981	0.440648
0.33	-0.355829	0.787538
0.34	-0.346279	1.11977
0.35	-0.333492	1.43434
0.36	-0.31766	1.7285
0.37	-0.298999	1.99973
0.38	-0.277749	2.24581
0.39	-0.254173	2.4648
0.4	-0.228549	2.65508
0.41	-0.201172	2.81532
0.42	-0.172346	2.94453
0.43	-0.142387	3.04206
0.44	-0.111612	3.10756
0.45	-0.0803425	3.14103
0.46	-0.0488973	3.14276
0.47	-0.0175911	3.11337
0.48	0.0132693	3.05376
0.49	0.0433873	2.96512
0.5	0.0724797	2.84891
0.51	0.100279	2.70681
0.52	0.126536	2.54075
0.53	0.151021	2.35284
0.54	0.173528	2.14538
0.55	0.193872	1.92081
0.56	0.211895	1.68168
0.57	0.227466	1.43065
0.58	0.240478	1.17044
0.59	0.250853	0.903799
0.6	0.258541	0.6335
0.61	0.26352	0.362286
0.62	0.265793	0.0928593
0.63	0.265392	-0.172151
0.64	0.262373	-0.430212
0.65	0.256819	-0.678906
0.66	0.248834	-0.91596
0.67	0.238546	-1.13926
0.68	0.226101	-1.34687
0.69	0.211666	-1.53704
0.7	0.195424	-1.70824
0.71	0.177569	-1.85915
0.72	0.158312	-1.98869
0.73	0.13787	-2.09598
0.74	0.116468	-2.18042
0.75	0.0943389	-2.24162
0.76	0.0717142	-2.27943
0.77	0.0488281	-2.29394
0.78	0.0259121	-2.28547
0.79	0.0031936	-2.25456
0.8	-0.0191067	-2.20196
0.81	-0.0407763	-2.12861
0.82	-0.0616136	-2.03567
0.83	-0.0814287	-1.92442
0.84	-0.100046	-1.79635
0.85	-0.117305	-1.65303
0.86	-0.133061	-1.49621
0.87	-0.14719	-1.32768
0.88	-0.159582	-1.14936
0.89	-0.170151	-0.963205
0.9	-0.178827	-0.771204
0.91	-0.185562	-0.575375
0.92	-0.190329	-0.377733
0.93	-0.193118	-0.180267
0.94	-0.193941	0.0150713
0.95	-0.19283	0.206393
0.96	-0.189833	0.391885
0.97	-0.185017	0.569827
0.98	-0.178467	0.738608
0.99	-0.17028	0.896741
1	-0.160572	1.04287
1.01	-0.149467	1.17579
1.02	-0.137104	1.29445
1.03	-0.123629	1.39795
1.04	-0.109198	1.48558
1.05	-0.093972	1.55677
1.06	-0.0781183	1.61115
1.07	-0.0618057	1.64852
1.08	-0.0452047	1.66884
1.09	-0.0284853	1.67225
1.1	-0.0118152	1.65905
1.11	0.00464176	1.6297
1.12	0.0207269	1.5848
1.13	0.0362885	1.52512
1.14	0.051183	1.45154
1.15	0.0652762	1.36505
1.16	0.0784446	1.26677
1.17	0.0905763	1.15791
1.18	0.101572	1.03974
1.19	0.111345	0.913634
1.2	0.119823	0.780984
1.21	0.126947	0.643235
1.22	0.132675	0.50185
1.23	0.136977	0.3583
1.24	0.139839	0.214049
1.25	0.141261	0.0705361
1.26	0.141257	-0.0708325
1.27	0.139856	-0.208701
1.28	0.137099	-0.341775
1.29	0.13304	-0.468834
1.3	0.127746	-0.588738
1.31	0.121293	-0.700444
1.32	0.113768	-0.803009
1.33	0.105266	-0.8956
1.34	0.0958912	-0.977497
1.35	0.0857536	-1.0481
1.36	0.0749684	-1.10694
1.37	0.0636552	-1.15367
1.38	0.0519362	-1.18805
1.39	0.0399356	-1.21001
1.4	0.0277775	-1.21955
1.41	0.0155854	-1.21685
1.42	0.00348049	-1.20216
1.43	-0.00841914	-1.17587
1.44	-0.0199998	-1.13847
1.45	-0.0311534	-1.09054
1.46	-0.0417779	-1.03278
1.47	-0.0517788	-0.965946
1.48	-0.0610694	-0.890878
1.49	-0.0695719	-0.808484
1.5	-0.0772178	-0.719723
1.51	-0.0839485	-0.6256
1.52	-0.0897154	-0.527153
1.53	-0.0944806	-0.425439
1.54	-0.0982169	-0.321532
1.55	-0.100908	-0.216501
1.56	-0.102547	-0.111408
1.57	-0.103139	-0.00729383
1.58	-0.102699	0.0948308
1.59	-0.101252	0.193995
1.6	-0.0988322	0.289277
1.61	-0.0954825	0.37981
1.62	-0.0912546	0.464793
1.63	-0.0862076	0.543496
1.64	-0.0804078	0.615264
1.65	-0.0739274	0.679524
1.66	-0.066844	0.73579
1.67	-0.0592396	0.783663
1.68	-0.0511997	0.822835
1.69	-0.0428126	0.853092
1.7	-0.034168	0.874311
1.71	-0.0253566	0.886461
1.72	-0.0164689	0.889601
1.73	-0.00759419	0.883878
1.74	0.00117989	0.869525
1.75	0.00976857	0.846855
1.76	0.0180905	0.816256
1.77	0.0260688	0.778188
1.78	0.0336311	0.733176
1.79	0.0407111	0.681802
1.8	0.0472481	0.624701
1.81	0.0531882	0.562551
1.82	0.0584846	0.496066
1.83	0.0630976	0.425991
1.84	0.066995	0.353089
1.85	0.0701525	0.278138
1.86	0.0725536	0.201919
1.87	0.0741893	0.125212
1.88	0.0750587	0.0487859
1.89	0.0751685	-0.0266099
1.9	0.0745324	-0.10025
1.91	0.0731716	-0.171439
1.92	0.071114	-0.239524
1.93	0.0683936	-0.30389
1.94	0.0650505	-0.363976
1.95	0.06113	-0.419271
1.96	0.0566825	-0.469324
1.97	0.0517624	-0.513743
1.98	0.0464276	-0.552201
1.99	0.0407391	-0.584434

0	0.0348188	-0.598544
0.01	0.0287896	-0.606238
0.02	0.0227149	-0.607692
0.03	0.0166558	-0.603137
0.04	0.0106712	-0.592854
0.05	0.00481678	-0.577167
0.06	-0.000855299	-0.556442
0.07	-0.0062966	-0.53108
0.08	-0.0114629	-0.501511
0.09	-0.0163143	-0.468189
0.1	-0.0208157	-0.431587
0.11	-0.0249367	-0.392194
0.12	-0.0286519	-0.350505
0.13	-0.0319408	-0.307016
0.14	-0.0347879	-0.262226
0.15	-0.0371827	-0.216624
0.16	-0.0391193	-0.170688
0.17	-0.0405969	-0.124882
0.18	-0.0416189	-0.0796484
0.19	-0.0421931	-0.0354084
0.2	-0.0423317	0.00744374
0.21	-0.0420501	0.0485427
0.22	-0.0413678	0.0875547
0.23	-0.040307	0.12418
0.24	-0.038893	0.158152
0.25	-0.0371536	0.189243
0.26	-0.0351184	0.217262
0.27	-0.0328191	0.242054
0.28	-0.0302885	0.263503
0.29	-0.0275604	0.281531
0.3	-0.0246694	0.296094
0.31	-0.0216501	0.307186
0.32	-0.0185372	0.314834
0.33	-0.0153648	0.319099
0.34	-0.0121662	0.320071
0.35	-0.00897393	0.31787
0.36	-0.00581892	0.312642
0.37	-0.00273062	0.304557
0.38	0.000263327	0.293806
0.39	0.0031373	0.280598
0.4	0.00586786	0.265161
0.41	0.00843387	0.247731
0.42	0.0108167	0.228559
0.43	0.0130001	0.2079
0.44	0.0149706	0.186014
0.45	0.0167172	0.163165
0.46	0.0182315	0.139613
0.47	0.019508	0.115618
0.48	0.0205433	0.0914311
0.49	0.0213368	0.067297
0.5	0.0218902	0.0434501
0.51	0.0222075	0.0201126
0.52	0.0222948	-0.00250672
0.53	0.0221604	-0.0242146
0.54	0.0218142	-0.0448342
0.55	0.0212678	-0.0642061
0.56	0.0205347	-0.0821896
0.57	0.0196291	-0.0986629
0.58	0.0185668	-0.113524
0.59	0.0173643	-0.12669
0.6	0.0160388	-0.1381
0.61	0.0146083	-0.147709
0.62	0.0130907	-0.155495
0.63	0.0115045	-0.161452
0.64	0.00986774	-0.165595
0.65	0.00819853	-0.167953
0.66	0.00651447	-0.168574
0.67	0.00483264	-0.167519
0.68	0.00316942	-0.164865
0.69	0.00154037	-0.160701
0.7	-3.98895e-05	-0.155125
0.71	-0.0015578	-0.148249
0.72	-0.00300093	-0.14019
0.73	-0.00435808	-0.131075
0.74	-0.00561933	-0.121033
0.75	-0.00677609	-0.110199
0.76	-0.00782113	-0.0987106
0.77	-0.00874858	-0.0867059
0.78	-0.00955398	-0.0743227
0.79	-0.0102342	-0.0616971
0.8	-0.0107876	-0.0489623
0.81	-0.0112135	-0.0362472
0.82	-0.011513	-0.0236757
0.83	-0.0116879	-0.0113652
0.84	-0.0117415	0.000573858
0.85	-0.011678	0.0120392
0.86	-0.0115026	0.022937
0.87	-0.0112215	0.0331829
0.88	-0.0108414	0.0427021
0.89	-0.0103701	0.0514297
0.9	-0.00981564	0.0593114
0.91	-0.00918681	0.0663031
0.92	-0.00849266	0.0723713
0.93	-0.00774254	0.0774927
0.94	-0.006946	0.0816543
0.95	-0.00611267	0.084853
0.96	-0.00525214	0.0870951
0.97	-0.0043739	0.0883963
0.98	-0.00348727	0.0887806
0.99	-0.00260124	0.0882804
1	-0.00172448	0.0869351
1.01	-0.000865205	0.084791
1.02	-3.11488e-05	0.0819006
1.03	0.000770509	0.0783213
1.04	0.00153319	0.0741152
1.05	0.00225094	0.0693482
1.06	0.00291851	0.0640888
1.07	0.00353131	0.058408
1.08	0.0040855	0.0523778
1.09	0.00457795	0.046071
1.1	0.00500624	0.0395603
1.11	0.00536871	0.0329174
1.12	0.00566439	0.0262126
1.13	0.00589299	0.0195139
1.14	0.0060549	0.0128868
1.15	0.00615117	0.0063933
1.16	0.00618341	9.17939e-05
1.17	0.00615383	-0.00596353
1.18	0.00606513	-0.011723
1.19	0.0059205	-0.0171418
1.2	0.00572356	-0.0221803
1.21	0.00547828	-0.0268039
1.22	0.00518896	-0.0309838
1.23	0.00486017	-0.0346962
1.24	0.00449666	-0.0379233
1.25	0.00410336	-0.0406524
1.26	0.00368529	-0.0428763
1.27	0.00324753	-0.0445931
1.28	0.00279511	-0.0458058
1.29	0.00233307	-0.0465223
1.3	0.00186628	-0.046755
1.31	0.00139952	-0.0465207
1.32	0.000937359	-0.0458399
1.33	0.000484134	-0.0447368
1.34	4.39393e-05	-0.0432388
1.35	-0.000379426	-0.0413761
1.36	-0.000782474	-0.0391811
1.37	-0.00116206	-0.0366884
1.38	-0.00151537	-0.0339342
1.39	-0.00183999	-0.0309555
1.4	-0.00213386	-0.0277905
1.41	-0.00239531	-0.0244774
1.42	-0.00262304	-0.0210544
1.43	-0.00281616	-0.0175594
1.44	-0.00297411	-0.0140295
1.45	-0.00309675	-0.0105006
1.46	-0.00318425	-0.00700723
1.47	-0.00323712	-0.00358219
1.48	-0.00325622	-0.000256357
1.49	-0.00324268	0.00294158
1.5	-0.0031979	0.00598531
1.51	-0.00312356	0.00885108
1.52	-0.00302155	0.0115178
1.53	-0.00289393	0.0139671
1.54	-0.00274298	0.0161836
1.55	-0.00257108	0.0181547
1.56	-0.00238074	0.0198706
1.57	-0.00217454	0.0213247
1.58	-0.00195513	0.0225129
1.59	-0.00172518	0.023434
1.6	-0.00148734	0.0240894
1.61	-0.00124426	0.0244833
1.62	-0.000998524	0.0246218
1.63	-0.000752645	0.0245138
1.64	-0.000509035	0.0241699
1.65	-0.000269991	0.0236028
1.66	-3.76764e-05	0.0228267
1.67	0.000185899	0.0218575
1.68	0.000398886	0.0207122
1.69	0.000599616	0.0194089
1.7	0.000786602	0.0179667
1.71	0.000958551	0.016405
1.72	0.00111437	0.0147439
1.73	0.00125316	0.0130035
1.74	0.00137424	0.011204
1.75	0.00147711	0.00936529
1.76	0.00156148	0.00750697
1.77	0.00162725	0.00564798
1.78	0.0016745	0.00380657
1.79	0.0017035	0.00200007
1.8	0.00171467	0.000244824
1.81	0.00170862	-0.001444
1.82	0.00168606	-0.00305246
1.83	0.00164788	-0.00456796
1.84	0.00159505	-0.00597929
1.85	0.00152867	-0.00727672
1.86	0.00144992	-0.008452
1.87	0.00136006	-0.00949842
1.88	0.0012604	-0.0104108
1.89	0.00115231	-0.0111854
1.9	0.00103716	-0.0118201
1.91	0.000916375	-0.0123141
1.92	0.000791348	-0.0126682
1.93	0.000663472	-0.0128842
1.94	0.000534112	-0.0129657
1.95	0.000404593	-0.0129169
1.96	0.00027619	-0.0127435
1.97	0.000150116	-0.0124521
1.98	2.75154e-05	-0.0120502
1.99	-9.05474e-05	-0.011546

0	-0.000201982	-0.0107305
0.01	-0.000304969	-0.00985837
0.02	-0.000399	-0.00894143
0.03	-0.000483686	-0.00799118
0.04	-0.00055875	-0.00701877
0.05	-0.000624024	-0.00603492
0.06	-0.000679444	-0.00504984
0.07	-0.000725049	-0.00407316
0.08	-0.000760966	-0.00311385
0.09	-0.000787411	-0.00218021
0.1	-0.000804681	-0.0012798
0.11	-0.000813141	-0.000419408
0.12	-0.000813223	0.000394942
0.13	-0.000805413	0.00115804
0.14	-0.000790248	0.00186547
0.15	-0.000768302	0.0025136
0.16	-0.000740183	0.00309962
0.17	-0.000706523	0.00362145
0.18	-0.000667972	0.00407777
0.19	-0.000625189	0.00446798
0.2	-0.000578833	0.00479213
0.21	-0.000529564	0.00505093
0.22	-0.000478028	0.00524567
0.23	-0.000424858	0.0053782
0.24	-0.000370664	0.00545086
0.25	-0.000316031	0.00546642
0.26	-0.000261515	0.00542807
0.27	-0.000207638	0.00533931
0.28	-0.000154885	0.00520394
0.29	-0.000103701	0.00502598
0.3	-5.4493e-05	0.00480965
0.31	-7.62182e-06	0.00455927
0.32	3.65937e-05	0.00427926
0.33	7.78794e-05	0.00397405
0.34	0.000116006	0.00364808
0.35	0.000150786	0.00330572
0.36	0.00018208	0.00295123
0.37	0.000209785	0.00258877
0.38	0.000233842	0.00222231
0.39	0.00025423	0.00185564
0.4	0.000270966	0.00149232
0.41	0.000284099	0.00113569
0.42	0.000293712	0.000788819
0.43	0.000299917	0.000454496
0.44	0.000302852	0.000135235
0.45	0.000302679	-0.000166746
0.46	0.000299581	-0.000449524
0.47	0.000293758	-0.000711474
0.48	0.000285426	-0.00095127
0.49	0.00027481	-0.00116788
0.5	0.000262148	-0.00136054
0.51	0.000247681	-0.00152879
0.52	0.000231654	-0.00167242
0.53	0.000214315	-0.00179147
0.54	0.000195906	-0.00188621
0.55	0.00017667	-0.00195714
0.56	0.000156841	-0.00200495
0.57	0.000136645	-0.00203055
0.58	0.0001163	-0.00203495
0.59	9.60126e-05	-0.00201937
0.6	7.59752e-05	-0.00198511
0.61	5.63679e-05	-0.0019336
0.62	3.73558e-05	-0.00186633
0.63	1.90886e-05	-0.00178488
0.64	1.70003e-06	-0.00169087
0.65	-1.46923e-05	-0.00158593
0.66	-2.99876e-05	-0.00147172
0.67	-4.41014e-05	-0.00134989
0.68	-5.69655e-05	-0.00122207
0.69	-6.85281e-05	-0.00108984
0.7	-7.87527e-05	-0.000954736
0.71	-8.76182e-05	-0.000818244
0.72	-9.51176e-05	-0.000681765
0.73	-0.000101258	-0.000546623
0.74	-0.000106059	-0.00041405
0.75	-0.000109551	-0.000285182
0.76	-0.000111778	-0.000161053
0.77	-0.000112791	-4.25906e-05
0.78	-0.000112652	6.9386e-05
0.79	-0.000111428	0.000174169
0.8	-0.000109194	0.00027116
0.81	-0.000106032	0.000359874
0.82	-0.000102026	0.000439931
0.83	-9.72632e-05	0.00051106
0.84	-9.18348e-05	0.000573091
0.85	-8.5832e-05	0.000625951
0.86	-7.93463e-05	0.000669663
0.87	-7.24689e-05	0.000704334
0.88	-6.52891e-05	0.000730157
0.89	-5.78944e-05	0.000747394
0.9	-5.03688e-05	0.00075638
0.91	-4.2793e-05	0.000757507
0.92	-3.52434e-05	0.000751222
0.93	-2.77916e-05	0.000738018
0.94	-2.05043e-05	0.000718426
0.95	-1.34425e-05	0.000693007
0.96	-6.66163e-06	0.000662349
0.97	-2.11019e-07	0.000627052
0.98	5.86599e-06	0.00058773
0.99	1.15322e-05	0.000544998
1	1.67566e-05	0.000499469
1.01	2.15143e-05	0.000451748
1.02	2.57862e-05	0.000402425
1.03	2.95593e-05	0.000352071
1.04	3.28261e-05	0.000301236
1.05	3.55842e-05	0.00025044
1.06	3.78366e-05	0.000200173
1.07	3.9591e-05	0.000150892
1.08	4.08592e-05	0.000103018
1.09	4.16573e-05	5.69326e-05
1.1	4.20049e-05	1.29789e-05
1.11	4.1925e-05	-2.85409e-05
1.12	4.14431e-05	-6.73661e-05
1.13	4.05874e-05	-0.000103277
1.14	3.93879e-05	-0.000136095
1.15	3.78763e-05	-0.000165682
1.16	3.60854e-05	-0.000191939
1.17	3.40488e-05	-0.000214806
1.18	3.18006e-05	-0.000234258
1.19	2.9375e-05	-0.000250305
1.2	2.68058e-05	-0.000262991
1.21	2.41262e-05	-0.000272387
1.22	2.13687e-05	-0.000278594
1.23	1.85645e-05	-0.000281739
1.24	1.57436e-05	-0.000281968
1.25	1.29343e-05	-0.000279449
1.26	1.01632e-05	-0.000274366
1.27	7.45486e-06	-0.000266919
1.28	4.83197e-06	-0.000257317
1.29	2.31497e-06	-0.000245779
1.3	-7.7907e-08	-0.00023253
1.31	-2.33068e-06	-0.000217796
1.32	-4.42965e-06	-0.000201809
1.33	-6.36344e-06	-0.000184796
1.34	-8.1229e-06	-0.000166981
1.35	-9.70112e-06	-0.000148584
1.36	-1.10934e-05	-0.000129818
1.37	-1.22969e-05	-0.000110886
1.38	-1.33112e-05	-9.19805e-05
1.39	-1.41372e-05	-7.32842e-05
1.4	-1.47781e-05	-5.49661e-05
1.41	-1.52383e-05	-3.71816e-05
1.42	-1.5524e-05	-2.00723e-05
1.43	-1.56425e-05	-3.76468e-06
1.44	-1.56023e-05	1.16298e-05
1.45	-1.54132e-05	2.60149e-05
1.46	-1.50857e-05	3.93101e-05
1.47	-1.46309e-05	5.14498e-05
1.48	-1.40607e-05	6.23836e-05
1.49	-1.33874e-05	7.20756e-05
1.5	-1.26234e-05	8.05043e-05
1.51	-1.17815e-05	8.76614e-05
1.52	-1.08744e-05	9.35516e-05
1.53	-9.91466e-06	9.81915e-05
1.54	-8.91465e-06	0.000101609
1.55	-7.88643e-06	0.000103842
1.56	-6.8416e-06	0.000104938
1.57	-5.79128e-06	0.000104953
1.58	-4.74595e-06	0.000103948
1.59	-3.71548e-06	0.000101995
1.6	-2.70898e-06	9.91655e-05
1.61	-1.73482e-06	9.55394e-05
1.62	-8.00575e-07	9.1198e-05
1.63	8.70312e-08	8.6225e-05
1.64	9.22103e-07	8.07054e-05
1.65	1.6996e-06	7.47246e-05
1.66	2.41534e-06	6.83674e-05
1.67	3.06598e-06	6.17174e-05
1.68	3.64899e-06	5.48562e-05
1.69	4.16266e-06	4.78625e-05
1.7	4.60605e-06	4.08119e-05
1.71	4.97895e-06	3.37762e-05
1.72	5.28185e-06	2.68226e-05
1.73	5.51588e-06	2.00138e-05
1.74	5.6828e-06	1.34075e-05
1.75	5.78488e-06	7.05586e-06
1.76	5.82492e-06	1.00569e-06
1.77	5.80614e-06	-4.70191e-06
1.78	5.73215e-06	-1.00315e-05
1.79	5.60687e-06	-1.49535e-05
1.8	5.43452e-06	-1.94438e-05
1.81	5.2195e-06	-2.3484e-05
1.82	4.96638e-06	-2.70613e-05
1.83	4.67984e-06	-3.01677e-05
1.84	4.36461e-06	-3.28007e-05
1.85	4.0254e-06	-3.49623e-05
1.86	3.66691e-06	-3.66589e-05
1.87	3.29374e-06	-3.79012e-05
1.88	2.91035e-06	-3.87037e-05
1.89	2.52107e-06	-3.9084e-05
1.9	2.13001e-06	-3.90632e-05
1.91	1.74107e-06	-3.86647e-05
1.92	1.35789e-06	-3.79145e-05
1.93	9.83858e-07	-3.68403e-05
1.94	6.22067e-07	-3.54714e-05
1.95	2.75312e-07	-3.38382e-05
1.96	-5.39198e-08	-3.19719e-05
1.97	-3.63455e-07	-2.99043e-05
1.98	-6.5144e-07	-2.76671e-05
1.99	-9.16337e-07	-2.52918e-05

0	-1.15454e-06	-2.23483e-05
0.01	-1.36334e-06	-1.94165e-05
0.02	-1.543e-06	-1.65237e-05
0.03	-1.69403e-06	-1.36946e-05
0.04	-1.81718e-06	-1.09515e-05
0.05	-1.91341e-06	-8.31413e-06
0.06	-1.98387e-06	-5.79971e-06
0.07	-2.02987e-06	-3.42291e-06
0.08	-2.05283e-06	-1.19599e-06
0.09	-2.05432e-06	8.71212e-07
0.1	-2.03597e-06	2.77111e-06
0.11	-1.99947e-06	4.49833e-06
0.12	-1.94659e-06	6.04955e-06
0.13	-1.87907e-06	7.42343e-06
0.14	-1.79871e-06	8.62039e-06
0.15	-1.70725e-06	9.64255e-06
0.16	-1.60643e-06	1.04935e-05
0.17	-1.49793e-06	1.11783e-05
0.18	-1.38339e-06	1.17031e-05
0.19	-1.26438e-06	1.20752e-05
0.2	-1.14237e-06	1.23027e-05
0.21	-1.01878e-06	1.23946e-05
0.22	-8.94902e-07	1.23604e-05
0.23	-7.71957e-07	1.22101e-05
0.24	-6.51051e-07	1.19542e-05
0.25	-5.3319e-07	1.16031e-05
0.26	-4.1927e-07	1.11676e-05
0.27	-3.10083e-07	1.06584e-05
0.28	-2.06313e-07	1.0086e-05
0.29	-1.0854e-07	9.46068e-06
0.3	-1.72416e-08	8.79263e-06
0.31	6.72027e-08	8.09151e-06
0.32	1.44509e-07	7.3666e-06
0.33	2.14485e-07	6.62668e-06
0.34	2.77021e-07	5.88002e-06
0.35	3.32088e-07	5.1343e-06
0.36	3.79734e-07	4.39661e-06
0.37	4.20069e-07	3.67343e-06
0.38	4.5327e-07	2.97056e-06
0.39	4.79566e-07	2.29322e-06
0.4	4.99235e-07	1.64593e-06
0.41	5.12598e-07	1.0326e-06
0.42	5.20011e-07	4.56505e-07
0.43	5.21861e-07	-7.96778e-08
0.44	5.18557e-07	-5.73871e-07
0.45	5.10529e-07	-1.02456e-06
0.46	4.98215e-07	-1.43076e-06
0.47	4.82063e-07	-1.79199e-06
0.48	4.62525e-07	-2.10824e-06
0.49	4.40047e-07	-2.37993e-06
0.5	4.15072e-07	-2.60788e-06
0.51	3.88032e-07	-2.79326e-06
0.52	3.59344e-07	-2.93757e-06
0.53	3.29411e-07	-3.04257e-06
0.54	2.98617e-07	-3.11029e-06
0.55	2.67323e-07	-3.14293e-06
0.56	2.35867e-07	-3.14288e-06
0.57	2.04566e-07	-3.11266e-06
0.58	1.73706e-07	-3.05487e-06
0.59	1.43551e-07	-2.97219e-06
0.6	1.14336e-07	-2.86733e-06
0.61	8.62695e-08	-2.743e-06
0.62	5.95322e-08	-2.60188e-06
0.63	3.4279e-08	-2.44663e-06
0.64	1.06381e-08	-2.27982e-06
0.65	-1.12873e-08	-2.10395e-06
0.66	-3.14186e-08	-1.92139e-06
0.67	-4.97005e-08	-1.73442e-06
0.68	-6.60996e-08	-1.54517e-06
0.69	-8.06031e-08	-1.35564e-06
0.7	-9.32175e-08	-1.16765e-06
0.71	-1.03967e-07	-9.82912e-07
0.72	-1.12892e-07	-8.02935e-07
0.73	-1.20046e-07	-6.29086e-07
0.74	-1.25498e-07	-4.62562e-07
0.75	-1.29325e-07	-3.04399e-07
0.76	-1.31617e-07	-1.55473e-07
0.77	-1.32468e-07	-1.6504e-08
0.78	-1.31982e-07	1.11939e-07
0.79	-1.30266e-07	2.29432e-07
0.8	-1.27431e-07	3.35688e-07
0.81	-1.2359e-07	4.30552e-07
0.82	-1.18858e-07	5.13988e-07
0.83	-1.13348e-07	5.86073e-07
0.84	-1.07174e-07	6.46989e-07
0.85	-1.00445e-07	6.97008e-07
0.86	-9.32686e-08	7.36489e-07
0.87	-8.57486e-08	7.65862e-07
0.88	-7.79834e-08	7.85623e-07
0.89	-7.00664e-08	7.96321e-07
0.9	-6.20852e-08	7.98549e-07
0.91	-5.41215e-08	7.92939e-07
0.92	-4.62504e-08	7.80145e-07
0.93	-3.85403e-08	7.60844e-07
0.94	-3.10529e-08	7.3572e-07
0.95	-2.3843e-08	7.05464e-07
0.96	-1.69585e-08	6.70759e-07
0.97	-1.04404e-08	6.32282e-07
0.98	-4.32322e-09	5.90692e-07
0.99	1.36518e-09	5.46627e-07
1	6.60312e-09	5.00701e-07
1.01	1.1375e-08	4.53498e-07
1.02	1.56707e-08	4.0557e-07
1.03	1.94857e-08	3.57432e-07
1.04	2.28202e-08	3.09562e-07
1.05	2.56793e-08	2.62401e-07
1.06	2.80719e-08	2.16346e-07
1.07	3.00111e-08	1.71754e-07
1.08	3.15129e-08	1.28941e-07
1.09	3.25968e-08	8.81819e-08
1.1	3.32842e-08	4.97096e-08
1.11	3.35992e-08	1.37179e-08
1.12	3.35674e-08	-1.96384e-08
1.13	3.32156e-08	-5.02415e-08
1.14	3.2572e-08	-7.80094e-08
1.15	3.16651e-08	-1.02893e-07
1.16	3.05238e-08	-1.24876e-07
1.17	2.91772e-08	-1.43969e-07
1.18	2.76539e-08	-1.60212e-07
1.19	2.59822e-08	-1.73668e-07
1.2	2.41896e-08	-1.84422e-07
1.21	2.23025e-08	-1.92578e-07
1.22	2.03463e-08	-1.98257e-07
1.23	1.83451e-08	-2.01597e-07
1.24	1.63217e-08	-2.02743e-07
1.25	1.42971e-08	-2.01855e-07
1.26	1.22908e-08	-1.99097e-07
1.27	1.03208e-08	-1.94639e-07
1.28	8.40312e-09	-1.88654e-07
1.29	6.5522e-09	-1.81318e-07
1.3	4.78068e-09	-1.72806e-07
1.31	3.09944e-09	-1.63288e-07
1.32	1.5177e-09	-1.52934e-07
1.33	4.30029e-11	-1.41907e-07
1.34	-1.31873e-09	-1.30366e-07
1.35	-2.56311e-09	-1.1846e-07
1.36	-3.6872e-09	-1.06332e-07
1.37	-4.68946e-09	-9.41157e-08
1.38	-5.56964e-09	-8.19347e-08
1.39	-6.32866e-09	-6.99033e-08
1.4	-6.96855e-09	-5.81258e-08
1.41	-7.49233e-09	-4.66955e-08
1.42	-7.9039e-09	-3.56957e-08
1.43	-8.20793e-09	-2.51989e-08
1.44	-8.40976e-09	-1.52671e-08
1.45	-8.51533e-09	-5.95224e-09
1.46	-8.53101e-09	2.70358e-09
1.47	-8.46356e-09	1.06679e-08
1.48	-8.32003e-09	1.79175e-08
1.49	-8.10765e-09	2.44377e-08
1.5	-7.83373e-09	3.02219e-08
1.51	-7.50566e-09	3.52712e-08
1.52	-7.13073e-09	3.95936e-08
1.53	-6.71616e-09	4.32035e-08
1.54	-6.26897e-09	4.6121e-08
1.55	-5.79597e-09	4.83713e-08
1.56	-5.30367e-09	4.99841e-08
1.57	-4.7983e-09	5.0993e-08
1.58	-4.28571e-09	5.14346e-08
1.59	-3.77137e-09	5.13483e-08
1.6	-3.26036e-09	5.07757e-08
1.61	-2.75733e-09	4.97595e-08
1.62	-2.2665e-09	4.83436e-08
1.63	-1.79165e-09	4.65723e-08
1.64	-1.33609e-09	4.449e-08
1.65	-9.02736e-10	4.21406e-08
1.66	-4.94028e-10	3.95672e-08
1.67	-1.11998e-10	3.68117e-08
1.68	2.41734e-10	3.39145e-08
1.69	5.6595e-10	3.09145e-08
1.7	8.59804e-10	2.78482e-08
1.71	1.12281e-09	2.47503e-08
1.72	1.35481e-09	2.16529e-08
1.73	1.55597e-09	1.85857e-08
1.74	1.72672e-09	1.55758e-08
1.75	1.86776e-09	1.26478e-08
1.76	1.98002e-09	9.8235e-09
1.77	2.06464e-09	7.12197e-09
1.78	2.12293e-09	4.55976e-09
1.79	2.15635e-09	2.15076e-09
1.8	2.16649e-09	-9.36804e-11
1.81	2.15505e-09	-2.16466e-09
1.82	2.1238e-09	-4.05563e-09
1.83	2.07455e-09	-5.76228e-09
1.84	2.00917e-09	-7.28238e-09
1.85	1.92953e-09	-8.61568e-09
1.86	1.83748e-09	-9.76373e-09
1.87	1.73486e-09	-1.07298e-08
1.88	1.62347e-09	-1.15185e-08
1.89	1.50506e-09	-1.2136e-08
1.9	1.3813e-09	-1.25895e-08
1.91	1.25379e-09	-1.28872e-08
1.92	1.12405e-09	-1.30383e-08
1.93	9.93483e-10	-1.30525e-08
1.94	8.63418e-10	-1.29404e-08
1.95	7.35061e-10	-1.27126e-08
1.96	6.09515e-10	-1.23802e-08
1.97	4.87768e-10	-1.19545e-08
1.98	3.70698e-10	-1.14468e-08
1.99	2.59069e-10	-1.08681e-08

0	1.54565e-10	-1.00292e-08
0.01	5.85361e-11	-9.17477e-09
0.02	-2.8911e-11	-8.3144e-09
0.03	-1.07761e-10	-7.45684e-09
0.04	-1.78084e-10	-6.60999e-09
0.05	-2.40021e-10	-5.78088e-09
0.06	-2.93781e-10	-4.9757e-09
0.07	-3.39633e-10	-4.19984e-09
0.08	-3.77891e-10	-3.45787e-09
0.09	-4.08916e-10	-2.75363e-09
0.1	-4.331e-10	-2.09023e-09
0.11	-4.50865e-10	-1.47008e-09
0.12	-4.62652e-10	-8.94973e-10
0.13	-4.68919e-10	-3.66082e-10
0.14	-4.7013e-10	1.15959e-10
0.15	-4.66756e-10	5.51025e-10
0.16	-4.59265e-10	9.3945e-10
0.17	-4.4812e-10	1.28198e-09
0.18	-4.33775e-10	1.57972e-09
0.19	-4.1667e-10	1.83411e-09
0.2	-3.97232e-10	2.04685e-09
0.21	-3.75866e-10	2.21989e-09
0.22	-3.52959e-10	2.35535e-09
0.23	-3.28877e-10	2.45552e-09
0.24	-3.03958e-10	2.52281e-09
0.25	-2.78522e-10	2.55972e-09
0.26	-2.52857e-10	2.56877e-09
0.27	-2.27231e-10	2.55253e-09
0.28	-2.01882e-10	2.51357e-09
0.29	-1.77026e-10	2.45442e-09
0.3	-1.52853e-10	2.37756e-09
0.31	-1.29526e-10	2.28541e-09
0.32	-1.07188e-10	2.18029e-09
0.33	-8.5956e-11	2.06445e-09
0.34	-6.59274e-11	1.94e-09
0.35	-4.71779e-11	1.80895e-09
0.36	-2.97641e-11	1.67317e-09
0.37	-1.37244e-11	1.5344e-09
0.38	9.19366e-13	1.39425e-09
0.39	1.41609e-11	1.25418e-09
0.4	2.60077e-11	1.11551e-09
0.41	3.64798e-11	9.79433e-10
0.42	4.56085e-11	8.46992e-10
0.43	5.34348e-11	7.191e-10
0.44	6.00083e-11	5.96542e-10
0.45	6.53857e-11	4.79974e-10
0.46	6.96296e-11	3.69936e-10
0.47	7.28076e-11	2.66851e-10
0.48	7.49909e-11	1.71039e-10
0.49	7.62534e-11	8.27186e-11
0.5	7.66707e-11	2.01628e-12
0.51	7.63192e-11	-7.10253e-11
0.52	7.52756e-11	-1.36441e-10
0.53	7.36155e-11	-1.94334e-10
0.54	7.14135e-11	-2.4487e-10
0.55	6.87419e-11	-2.88268e-10
0.56	6.5671e-11	-3.24796e-10
0.57	6.22679e-11	-3.54759e-10
0.58	5.85966e-11	-3.78498e-10
0.59	5.47175e-11	-3.96379e-10
0.6	5.06872e-11	-4.0879e-10
0.61	4.65586e-11	-4.16132e-10
0.62	4.23801e-11	-4.18819e-10
0.63	3.81963e-11	-4.17268e-10
0.64	3.40475e-11	-4.11897e-10
0.65	2.99697e-11	-4.03121e-10
0.66	2.59951e-11	-3.91347e-10
0.67	2.21515e-11	-3.76972e-10
0.68	1.8463e-11	-3.60381e-10
0.69	1.495e-11	-3.41942e-10
0.7	1.16291e-11	-3.22007e-10
0.71	8.51374e-12	-3.00906e-10
0.72	5.61385e-12	-2.78953e-10
0.73	2.93655e-12	-2.56436e-10
0.74	4.86104e-13	-2.33624e-10
0.75	-1.73577e-12	-2.10762e-10
0.76	-3.72971e-12	-1.88071e-10
0.77	-5.49843e-12	-1.65751e-10
0.78	-7.04656e-12	-1.43979e-10
0.79	-8.38036e-12	-1.2291e-10
0.8	-9.50755e-12	-1.02677e-10
0.81	-1.04371e-11	-8.33936e-11
0.82	-1.11789e-11	-6.51521e-11
0.83	-1.17438e-11	-4.80271e-11
0.84	-1.21434e-11	-3.2075e-11
0.85	-1.23894e-11	-1.73361e-11
0.86	-1.24942e-11	-3.83483e-12
0.87	-1.24703e-11	8.41804e-12
0.88	-1.233e-11	1.94249e-11
0.89	-1.20859e-11	2.91996e-11
0.9	-1.175e-11	3.77664e-11
0.91	-1.13345e-11	4.51589e-11
0.92	-1.08506e-11	5.14186e-11
0.93	-1.03097e-11	5.65936e-11
0.94	-9.7222e-12	6.07381e-11
0.95	-9.09818e-12	6.39107e-11
0.96	-8.44702e-12	6.61736e-11
0.97	-7.77752e-12	6.75921e-11
0.98	-7.09778e-12	6.82328e-11
0.99	-6.41523e-12	6.81638e-11
1	-5.73664e-12	6.74532e-11
1.01	-5.06808e-12	6.61689e-11
1.02	-4.41495e-12	6.43777e-11
1.03	-3.782e-12	6.21447e-11
1.04	-3.17332e-12	5.95334e-11
1.05	-2.59239e-12	5.66045e-11
1.06	-2.04209e-12	5.34161e-11
1.07	-1.52474e-12	5.00233e-11
1.08	-1.04213e-12	4.64777e-11
1.09	-5.95537e-13	4.28275e-11
1.1	-1.8578e-13	3.91175e-11
1.11	1.86751e-13	3.53886e-11
1.12	5.22055e-13	3.16781e-11
1.13	8.20486e-13	2.80194e-11
1.14	1.08272e-12	2.44426e-11
1.15	1.3097e-12	2.09736e-11
1.16	1.50263e-12	1.76354e-11
1.17	1.66291e-12	1.44472e-11
1.18	1.79212e-12	1.1425e-11
1.19	1.892e-12	8.58175e-12
1.2	1.96439e-12	5.92749e-12
1.21	2.01121e-12	3.46945e-12
1.22	2.03445e-12	1.21233e-12
1.23	2.03613e-12	-8.41513e-13
1.24	2.0183e-12	-2.69191e-12
1.25	1.98297e-12	-4.34062e-12
1.26	1.93215e-12	-5.79117e-12
1.27	1.86779e-12	-7.04861e-12
1.28	1.7918e-12	-8.11938e-12
1.29	1.706e-12	-9.01104e-12
1.3	1.61214e-12	-9.73217e-12
1.31	1.51189e-12	-1.02921e-11
1.32	1.40681e-12	-1.0701e-11
1.33	1.29834e-12	-1.09691e-11
1.34	1.18786e-12	-1.11075e-11
1.35	1.07659e-12	-1.1127e-11
1.36	9.65674e-13	-1.1039e-11
1.37	8.56132e-13	-1.08543e-11
1.38	7.48874e-13	-1.0584e-11
1.39	6.44702e-13	-1.02388e-11
1.4	5.44314e-13	-9.82905e-12
1.41	4.48303e-13	-9.36486e-12
1.42	3.57166e-13	-8.8558e-12
1.43	2.71306e-13	-8.31098e-12
1.44	1.91037e-13	-7.73899e-12
1.45	1.1659e-13	-7.14784e-12
1.46	4.81188e-14	-6.54498e-12
1.47	-1.42938e-14	-5.93726e-12
1.48	-7.06312e-14	-5.33092e-12
1.49	-1.20936e-13	-4.73159e-12
1.5	-1.65303e-13	-4.14431e-12
1.51	-2.03877e-13	-3.5735e-12
1.52	-2.36841e-13	-3.02304e-12
1.53	-2.64417e-13	-2.49622e-12
1.54	-2.86854e-13	-1.9958e-12
1.55	-3.04428e-13	-1.52402e-12
1.56	-3.17436e-13	-1.08265e-12
1.57	-3.26187e-13	-6.72979e-13
1.58	-3.31004e-13	-2.95899e-13
1.59	-3.32215e-13	4.81104e-14
1.6	-3.30153e-13	3.58926e-13
1.61	-3.25147e-13	6.3675e-13
1.62	-3.17526e-13	8.82082e-13
1.63	-3.07611e-13	1.09568e-12
1.64	-2.95715e-13	1.27853e-12
1.65	-2.82139e-13	1.43183e-12
1.66	-2.67172e-13	1.55692e-12
1.67	-2.5109e-13	1.65531e-12
1.68	-2.3415e-13	1.72859e-12
1.69	-2.16596e-13	1.77847e-12
1.7	-1.98653e-13	1.80668e-12
1.71	-1.80528e-13	1.81504e-12
1.72	-1.62412e-13	1.80534e-12
1.73	-1.44476e-13	1.7794e-12
1.74	-1.26873e-13	1.739e-12
1.75	-1.09738e-13	1.68592e-12
1.76	-9.31907e-14	1.62186e-12
1.77	-7.7332e-14	1.54847e-12
1.78	-6.22471e-14	1.46734e-12
1.79	-4.80058e-14	1.37999e-12
1.8	-3.46634e-14	1.28782e-12
1.81	-2.2261e-14	1.19218e-12
1.82	-1.08272e-14	1.0943e-12
1.83	-3.78566e-16	9.95336e-13
1.84	9.07937e-15	8.96324e-13
1.85	1.75509e-14	7.98212e-13
1.86	2.50495e-14	7.01846e-13
1.87	3.15962e-14	6.07977e-13
1.88	3.72195e-14	5.17261e-13
1.89	4.19538e-14	4.30259e-13
1.9	4.58387e-14	3.47445e-13
1.91	4.8918e-14	2.69208e-13
1.92	5.12392e-14	1.95857e-13
1.93	5.28522e-14	1.27624e-13
1.94	5.38093e-14	6.46702e-14
1.95	5.41636e-14	7.09269e-15
1.96	5.39692e-14	-4.50731e-14
1.97	5.32801e-14	-9.1846e-14
1.98	5.215e-14	-1.33295e-13
1.99	5.06316e-14	-1.69532e-13

0	4.87936e-14	-1.97211e-13
0.01	4.6704e-14	-2.19904e-13
0.02	4.4411e-14	-2.3796e-13
0.03	4.19591e-14	-2.51734e-13
0.04	3.93894e-14	-2.6158e-13
0.05	3.67394e-14	-2.6785e-13
0.06	3.40431e-14	-2.70889e-13
0.07	3.13313e-14	-2.71033e-13
0.08	2.8631e-14	-2.6861e-13
0.09	2.59666e-14	-2.63931e-13
0.1	2.33589e-14	-2.57297e-13
0.11	2.08262e-14	-2.4899e-13
0.12	1.83838e-14	-2.39278e-13
0.13	1.60445e-14	-2.28411e-13
0.14	1.38187e-14	-2.16623e-13
0.15	1.17144e-14	-2.04128e-13
0.16	9.73779e-15	-1.91124e-13
0.17	7.89301e-15	-1.77791e-13
0.18	6.18252e-15	-1.64292e-13
0.19	4.60724e-15	-1.50772e-13
0.2	3.16672e-15	-1.37361e-13
0.21	1.85927e-15	-1.24174e-13
0.22	6.82161e-16	-1.11309e-13
0.23	-3.68264e-16	-9.88501e-14
0.24	-1.29644e-15	-8.68697e-14
0.25	-2.10745e-15	-7.54261e-14
0.26	-2.80691e-15	-6.45663e-14
0.27	-3.40085e-15	-5.43267e-14
0.28	-3.8956e-15	-4.47334e-14
0.29	-4.29773e-15	-3.58038e-14
0.3	-4.61392e-15	-2.75468e-14
0.31	-4.85091e-15	-1.99641e-14
0.32	-5.01544e-15	-1.30509e-14
0.33	-5.11413e-15	-6.79658e-15
0.34	-5.15351e-15	-1.18549e-15
0.35	-5.13992e-15	3.80226e-15
0.36	-5.07947e-15	8.19019e-15
0.37	-4.97803e-15	1.20048e-14
0.38	-4.84119e-15	1.52751e-14
0.39	-4.67424e-15	1.80317e-14
0.4	-4.48216e-15	2.03068e-14
0.41	-4.2696e-15	2.21335e-14
0.42	-4.04087e-15	2.35452e-14
0.43	-3.79996e-15	2.45756e-14
0.44	-3.55052e-15	2.52581e-14
0.45	-3.29585e-15	2.56256e-14
0.46	-3.03895e-15	2.57102e-14
0.47	-2.78249e-15	2.55432e-14
0.48	-2.52882e-15	2.51546e-14
0.49	-2.28004e-15	2.45731e-14
0.5	-2.03791e-15	2.3826e-14
0.51	-1.80398e-15	2.2939e-14
0.52	-1.57952e-15	2.19364e-14
0.53	-1.36556e-15	2.08406e-14
0.54	-1.16295e-15	1.96724e-14
0.55	-9.72292e-16	1.84512e-14
0.56	-7.94042e-16	1.71943e-14
0.57	-6.28472e-16	1.59177e-14
0.58	-4.75707e-16	1.46355e-14
0.59	-3.35737e-16	1.33605e-14
0.6	-2.08435e-16	1.21039e-14
0.61	-9.35647e-17	1.08755e-14
0.62	9.19676e-18	9.68352e-15
0.63	1.00251e-16	8.53518e-15
0.64	1.80066e-16	7.43634e-15
0.65	2.49159e-16	6.39173e-15
0.66	3.08094e-16	5.40507e-15
0.67	3.57463e-16	4.47909e-15
0.68	3.97884e-16	3.61564e-15
0.69	4.29988e-16	2.81579e-15
0.7	4.54413e-16	2.07988e-15
0.71	4.71798e-16	1.40759e-15
0.72	4.82775e-16	7.9808e-16
0.73	4.87964e-16	2.49976e-16
0.74	4.87973e-16	-2.38503e-16
0.75	4.83386e-16	-6.69499e-16
0.76	4.74767e-16	-1.04545e-15
0.77	4.62652e-16	-1.36905e-15
0.78	4.4755e-16	-1.64317e-15
0.79	4.29943e-16	-1.87082e-15
0.8	4.10279e-16	-2.05511e-15
0.81	3.88975e-16	-2.19921e-15
0.82	3.66418e-16	-2.30631e-15
0.83	3.42961e-16	-2.37959e-15
0.84	3.18928e-16	-2.42217e-15
0.85	2.9461e-16	-2.43713e-15
0.86	2.70268e-16	-2.42746e-15
0.87	2.46133e-16	-2.39602e-15
0.88	2.22411e-16	-2.34558e-15
0.89	1.99276e-16	-2.27875e-15
0.9	1.76882e-16	-2.19803e-15
0.91	1.55354e-16	-2.10574e-15
0.92	1.34798e-16	-2.00406e-15
0.93	1.15298e-16	-1.89501e-15
0.94	9.69165e-17	-1.78045e-15
0.95	7.97013e-17	-1.66208e-15
0.96	6.36825e-17	-1.54144e-15
0.97	4.88754e-17	-1.41993e-15
0.98	3.52825e-17	-1.2988e-15
0.99	2.28945e-17	-1.17913e-15
1	1.16918e-17	-1.06189e-15
1.01	1.64573e-18	-9.47915e-16
1.02	-7.27979e-18	-8.379e-16
1.03	-1.51275e-17	-7.32436e-16
1.04	-2.19453e-17	-6.32002e-16
1.05	-2.77856e-17	-5.36974e-16
1.06	-3.27038e-17	-4.47637e-16
1.07	-3.67579e-17	-3.64186e-16
1.08	-4.00076e-17	-2.86744e-16
1.09	-4.2513e-17	-2.15358e-16
1.1	-4.43349e-17	-1.50018e-16
1.11	-4.55333e-17	-9.06529e-17
1.12	-4.61675e-17	-3.71477e-17
1.13	-4.62953e-17	1.06569e-17
1.14	-4.59727e-17	5.29555e-17
1.15	-4.52538e-17	8.99723e-17
1.16	-4.41901e-17	1.21956e-16
1.17	-4.28305e-17	1.49175e-16
1.18	-4.12215e-17	1.71911e-16
1.19	-3.94063e-17	1.90458e-16
1.2	-3.74253e-17	2.05115e-16
1.21	-3.5316e-17	2.16182e-16
1.22	-3.31126e-17	2.23963e-16
1.23	-3.08467e-17	2.28755e-16
1.24	-2.85465e-17	2.30852e-16
1.25	-2.62377e-17	2.30537e-16
1.26	-2.39429e-17	2.28088e-16
1.27	-2.16821e-17	2.23768e-16
1.28	-1.94729e-17	2.1783e-16
1.29	-1.73301e-17	2.10512e-16
1.3	-1.52665e-17	2.0204e-16
1.31	-1.32925e-17	1.92623e-16
1.32	-1.14165e-17	1.82458e-16
1.33	-9.64521e-18	1.71724e-16
1.34	-7.98338e-18	1.60587e-16
1.35	-6.43431e-18	1.49198e-16
1.36	-4.99982e-18	1.37691e-16
1.37	-3.68046e-18	1.26189e-16
1.38	-2.47565e-18	1.148e-16
1.39	-1.38376e-18	1.03618e-16
1.4	-4.02322e-19	9.27247e-17
1.41	4.71928e-19	8.21901e-17
1.42	1.24287e-18	7.20729e-17
1.43	1.91494e-18	6.24212e-17
1.44	2.49298e-18	5.32731e-17
1.45	2.98218e-18	4.4658e-17
1.46	3.38799e-18	3.65965e-17
1.47	3.716e-18	2.9102e-17
1.48	3.97194e-18	2.21811e-17
1.49	4.16154e-18	1.58339e-17
1.5	4.29052e-18	1.00553e-17
1.51	4.36451e-18	4.83551e-18
1.52	4.38904e-18	1.6044e-19
1.53	4.36948e-18	-3.98748e-18
1.54	4.31098e-18	-7.62882e-18
1.55	4.21851e-18	-1.07866e-17
1.56	4.09678e-18	-1.34857e-17
1.57	3.95024e-18	-1.57526e-17
1.58	3.78308e-18	-1.76149e-17
1.59	3.5992e-18	-1.91007e-17
1.6	3.40222e-18	-2.02386e-17
1.61	3.19549e-18	-2.10574e-17
1.62	2.98205e-18	-2.15853e-17
1.63	2.76466e-18	-2.18502e-17
1.64	2.54583e-18	-2.18795e-17
1.65	2.32777e-18	-2.16994e-17
1.66	2.11245e-18	-2.13354e-17
1.67	1.90159e-18	-2.08117e-17
1.68	1.69667e-18	-2.01513e-17
1.69	1.49895e-18	-1.93758e-17
1.7	1.30947e-18	-1.85055e-17
1.71	1.12909e-18	-1.75594e-17
1.72	9.58478e-19	-1.6555e-17
1.73	7.98132e-19	-1.55083e-17
1.74	6.48404e-19	-1.44339e-17
1.75	5.09501e-19	-1.33452e-17
1.76	3.81509e-19	-1.22538e-17
1.77	2.64397e-19	-1.11706e-17
1.78	1.5804e-19	-1.01046e-17
1.79	6.22206e-20	-9.06403e-18
1.8	-2.3349e-20	-8.05579e-18
1.81	-9.90226e-20	-7.08571e-18
1.82	-1.65207e-19	-6.15861e-18
1.83	-2.22351e-19	-5.27837e-18
1.84	-2.7094e-19	-4.44796e-18
1.85	-3.11484e-19	-3.66957e-18
1.86	-3.4451e-19	-2.94466e-18
1.87	-3.70558e-19	-2.27399e-18
1.88	-3.90172e-19	-1.65775e-18
1.89	-4.03894e-19	-1.09559e-18
1.9	-4.12261e-19	-5.86675e-19
1.91	-4.15801e-19	-1.29788e-19
1.92	-4.15025e-19	2.76656e-19
1.93	-4.1043e-19	6.34535e-19
1.94	-4.02489e-19	9.45971e-19
1.95	-3.91657e-19	1.21328e-18
1.96	-3.78362e-19	1.43894e-18
1.97	-3.63009e-19	1.62554e-18
1.98	-3.45973e-19	1.77573e-18
1.99	-3.27606e-19	1.89222e-18

0	-3.08416e-19	1.9416e-18
0.01	-2.88856e-19	1.96642e-18
0.02	-2.69159e-19	1.96967e-18
0.03	-2.49525e-19	1.95413e-18
0.04	-2.3013e-19	1.9224e-18
0.05	-2.11123e-19	1.87689e-18
0.06	-1.92631e-19	1.81983e-18
0.07	-1.74758e-19	1.75325e-18
0.08	-1.57591e-19	1.67903e-18
0.09	-1.41198e-19	1.59884e-18
0.1	-1.25629e-19	1.51423e-18
0.11	-1.10923e-19	1.42655e-18
0.12	-9.71043e-20	1.33702e-18
0.13	-8.41854e-20	1.24673e-18
0.14	-7.21692e-20	1.1566e-18
0.15	-6.105e-20	1.06747e-18
0.16	-5.08142e-20	9.80026e-19
0.17	-4.14418e-20	8.9487e-19
0.18	-3.29075e-20	8.12496e-19
0.19	-2.51813e-20	7.33307e-19
0.2	-1.82296e-20	6.57626e-19
0.21	-1.20162e-20	5.85701e-19
0.22	-6.50246e-21	5.17712e-19
0.23	-1.64842e-21	4.53777e-19
0.24	2.58684e-21	3.93965e-19
0.25	6.24468e-21	3.38293e-19
0.26	9.36644e-21	2.8674e-19
0.27	1.1993e-20	2.39248e-19
0.28	1.41647e-20	1.9573e-19
0.29	1.59205e-20	1.56073e-19
0.3	1.72985e-20	1.20141e-19
0.31	1.83352e-20	8.77831e-20
0.32	1.90656e-20	5.88341e-20
0.33	1.95227e-20	3.31185e-20
0.34	1.97381e-20	1.04536e-20
0.35	1.97413e-20	-9.3477e-21
0.36	1.95601e-20	-2.6475e-20
0.37	1.92201e-20	-4.11179e-20
0.38	1.87454e-20	-5.34645e-20
0.39	1.81578e-20	-6.36995e-20
0.4	1.74778e-20	-7.20036e-20
0.41	1.67236e-20	-7.85514e-20
0.42	1.59121e-20	-8.35114e-20
0.43	1.50582e-20	-8.70448e-20
0.44	1.41754e-20	-8.9305e-20
0.45	1.32758e-20	-9.04373e-20
0.46	1.237e-20	-9.05784e-20
0.47	1.14671e-20	-8.98565e-20
0.48	1.05753e-20	-8.83912e-20
0.49	9.7014e-21	-8.62931e-20
0.5	8.85121e-21	-8.36645e-20
0.51	8.02956e-21	-8.05993e-20
0.52	7.24039e-21	-7.71831e-20
0.53	6.48681e-21	-7.34935e-20
0.54	5.7712e-21	-6.96006e-20
0.55	5.09526e-21	-6.55675e-20
0.56	4.46013e-21	-6.14498e-20
0.57	3.86638e-21	-5.72972e-20
0.58	3.31416e-21	-5.31528e-20
0.59	2.80317e-21	-4.90543e-20
0.6	2.33281e-21	-4.50338e-20
0.61	1.90214e-21	-4.11187e-20
0.62	1.51001e-21	-3.73317e-20
0.63	1.15502e-21	-3.36914e-20
0.64	8.35638e-22	-3.02125e-20
0.65	5.50192e-22	-2.69064e-20
0.66	2.96906e-22	-2.37814e-20
0.67	7.39418e-23	-2.08428e-20
0.68	-1.20583e-22	-1.80939e-20
0.69	-2.88571e-22	-1.55353e-20
0.7	-4.31922e-22	-1.31662e-20
0.71	-5.52518e-22	-1.09838e-20
0.72	-6.52208e-22	-8.98414e-21
0.73	-7.32793e-22	-7.16193e-21
0.74	-7.96017e-22	-5.511e-21
0.75	-8.4356e-22	-4.02437e-21
0.76	-8.77027e-22	-2.69443e-21
0.77	-8.97945e-22	-1.51312e-21
0.78	-9.07757e-22	-4.72024e-22
0.79	-9.07824e-22	4.3746e-22
0.8	-8.99417e-22	1.22405e-21
0.81	-8.83723e-22	1.89646e-21
0.82	-8.6184e-22	2.46335e-21
0.83	-8.3478e-22	2.93321e-21
0.84	-8.03471e-22	3.31434e-21
0.85	-7.68762e-22	3.61477e-21
0.86	-7.31419e-22	3.84225e-21
0.87	-6.92135e-22	4.00419e-21
0.88	-6.5153e-22	4.10764e-21
0.89	-6.10155e-22	4.15927e-21
0.9	-5.68496e-22	4.16538e-21
0.91	-5.26979e-22	4.13186e-21
0.92	-4.85973e-22	4.06419e-21
0.93	-4.45792e-22	3.96746e-21
0.94	-4.06705e-22	3.84638e-21
0.95	-3.68932e-22	3.70526e-21
0.96	-3.32653e-22	3.54802e-21
0.97	-2.98013e-22	3.37825e-21
0.98	-2.65119e-22	3.19916e-21
0.99	-2.34051e-22	3.01363e-21
1	-2.04859e-22	2.82425e-21
1.01	-1.77571e-22	2.63327e-21
1.02	-1.52193e-22	2.44269e-21
1.03	-1.2871e-22	2.25423e-21
1.04	-1.07096e-22	2.06938e-21
1.05	-8.73065e-23	1.88938e-21
1.06	-6.92885e-23	1.71528e-21
1.07	-5.29784e-23	1.54793e-21
1.08	-3.83051e-23	1.38801e-21
1.09	-2.51915e-23	1.23605e-21
1.1	-1.35563e-23	1.09241e-21
1.11	-3.31473e-24	9.57349e-22
1.12	5.61977e-24	8.31008e-22
1.13	1.33347e-23	7.13425e-22
1.14	1.99173e-23	6.04551e-22
1.15	2.54543e-23	5.04264e-22
1.16	3.00306e-23	4.12376e-22
1.17	3.3729e-23	3.28649e-22
1.18	3.66298e-23	2.52795e-22
1.19	3.88101e-23	1.84494e-22
1.2	4.03437e-23	1.23396e-22
1.21	4.13008e-23	6.91288e-23
1.22	4.17478e-23	2.1307e-23
1.23	4.17471e-23	-2.0466e-23
1.24	4.13573e-23	-5.65908e-23
1.25	4.06328e-23	-8.74685e-23
1.26	3.96241e-23	-1.13497e-22
1.27	3.83777e-23	-1.35067e-22
1.28	3.69363e-23	-1.52559e-22
1.29	3.53389e-23	-1.66344e-22
1.3	3.36206e-23	-1.76777e-22
1.31	3.18134e-23	-1.84198e-22
1.32	2.99456e-23	-1.88933e-22
1.33	2.80427e-23	-1.91288e-22
1.34	2.61268e-23	-1.91551e-22
1.35	2.42177e-23	-1.89994e-22
1.36	2.23322e-23	-1.86869e-22
1.37	2.04848e-23	-1.8241e-22
1.38	1.86877e-23	-1.76833e-22
1.39	1.69512e-23	-1.70335e-22
1.4	1.52834e-23	-1.63099e-22
1.41	1.36911e-23	-1.55287e-22
1.42	1.21791e-23	-1.47047e-22
1.43	1.07511e-23	-1.38513e-22
1.44	9.40944e-24	-1.29803e-22
1.45	8.15531e-24	-1.2102e-22
1.46	6.98898e-24	-1.12256e-22
1.47	5.90985e-24	-1.03591e-22
1.48	4.91661e-24	-9.50914e-23
1.49	4.00728e-24	-8.68158e-23
1.5	3.17938e-24	-7.88119e-23
1.51	2.43e-24	-7.11189e-23
1.52	1.75586e-24	-6.37678e-23
1.53	1.15342e-24	-5.67824e-23
1.54	6.18935e-25	-5.01803e-23
1.55	1.48501e-25	-4.39728e-23
1.56	-2.61858e-25	-3.81662e-23
1.57	-6.16166e-25	-3.27624e-23
1.58	-9.18442e-25	-2.7759e-23
1.59	-1.17266e-24	-2.31505e-23
1.6	-1.38274e-24	-1.89282e-23
1.61	-1.55248e-24	-1.50811e-23
1.62	-1.68557e-24	-1.15959e-23
1.63	-1.78556e-24	-8.45791e-24
1.64	-1.85583e-24	-5.65101e-24
1.65	-1.89962e-24	-3.15813e-24
1.66	-1.91998e-24	-9.61472e-25
1.67	-1.91978e-24	9.57173e-25
1.68	-1.9017e-24	2.61624e-24
1.69	-1.86826e-24	4.03417e-24
1.7	-1.82176e-24	5.22924e-24
1.71	-1.76436e-24	6.21943e-24
1.72	-1.698e-24	7.02228e-24
1.73	-1.62448e-24	7.65476e-24
1.74	-1.54542e-24	8.13324e-24
1.75	-1.46227e-24	8.47338e-24
1.76	-1.37636e-24	8.69008e-24
1.77	-1.28884e-24	8.79745e-24
1.78	-1.20073e-24	8.80876e-24
1.79	-1.11294e-24	8.73646e-24
1.8	-1.02624e-24	8.59215e-24
1.81	-9.41301e-25	8.38659e-24
1.82	-8.58681e-25	8.12968e-24
1.83	-7.78848e-25	7.83054e-24
1.84	-7.02183e-25	7.49747e-24
1.85	-6.28987e-25	7.138e-24
1.86	-5.59488e-25	6.75894e-24
1.87	-4.93852e-25	6.36639e-24
1.88	-4.32187e-25	5.96576e-24
1.89	-3.74548e-25	5.56184e-24
1.9	-3.20947e-25	5.15884e-24
1.91	-2.71356e-25	4.76039e-24
1.92	-2.25714e-25	4.3696e-24
1.93	-1.83929e-25	3.98913e-24
1.94	-1.45889e-25	3.62117e-24
1.95	-1.11458e-25	3.26751e-24
1.96	-8.04863e-26	2.9296e-24
1.97	-5.28101e-26	2.60851e-24
1.98	-2.82572e-26	2.30505e-24
1.99	-6.64847e-27	2.01975e-24

0	1.20165e-26	1.71817e-24
0.01	2.78107e-26	1.44532e-24
0.02	4.10129e-26	1.19947e-24
0.03	5.18844e-26	9.78894e-25
0.04	6.06693e-26	7.81893e-25
0.05	6.75952e-26	6.06801e-25
0.06	7.2873e-26	4.51994e-25
0.07	7.66975e-26	3.15903e-25
0.08	7.92483e-26	1.97017e-25
0.09	8.06903e-26	9.38897e-26
0.1	8.11741e-26	5.14374e-27
0.11	8.08368e-26	-7.05281e-26
0.12	7.98029e-26	-1.3436e-25
0.13	7.81851e-26	-1.87514e-25
0.14	7.60846e-26	-2.31077e-25
0.15	7.35922e-26	-2.66065e-25
0.16	7.07887e-26	-2.93423e-25
0.17	6.77462e-26	-3.14027e-25
0.18	6.4528e-26	-3.28685e-25
0.19	6.11898e-26	-3.38141e-25
0.2	5.77802e-26	-3.43077e-25
0.21	5.43412e-26	-3.44115e-25
0.22	5.0909e-26	-3.41822e-25
0.23	4.75142e-26	-3.36713e-25
0.24	4.41826e-26	-3.29249e-25
0.25	4.09356e-26	-3.19849e-25
0.26	3.77908e-26	-3.08886e-25
0.27	3.4762e-26	-2.96692e-25
0.28	3.18601e-26	-2.83561e-25
0.29	2.9093e-26	-2.69753e-25
0.3	2.64665e-26	-2.55497e-25
0.31	2.39839e-26	-2.40989e-25
0.32	2.1647e-26	-2.26401e-25
0.33	1.94557e-26	-2.11879e-25
0.34	1.74087e-26	-1.97549e-25
0.35	1.55037e-26	-1.83513e-25
0.36	1.37372e-26	-1.69858e-25
0.37	1.21051e-26	-1.56653e-25
0.38	1.06025e-26	-1.43955e-25
0.39	9.22413e-27	-1.31805e-25
0.4	7.96442e-27	-1.20234e-25
0.41	6.81744e-27	-1.09264e-25
0.42	5.77709e-27	-9.89074e-26
0.43	4.83723e-27	-8.91686e-26
0.44	3.99166e-27	-8.00464e-26
0.45	3.23426e-27	-7.15339e-26
0.46	2.55899e-27	-6.36195e-26
0.47	1.95993e-27	-5.62879e-26
0.48	1.43135e-27	-4.95206e-26
0.49	9.67706e-28	-4.32967e-26
0.5	5.6368e-28	-3.75932e-26
0.51	2.14188e-28	-3.23859e-26
0.52	-8.56081e-29	-2.76495e-26
0.53	-3.40287e-28	-2.33582e-26
0.54	-5.54167e-28	-1.94856e-26
0.55	-7.31308e-28	-1.60057e-26
0.56	-8.75504e-28	-1.28926e-26
0.57	-9.90296e-28	-1.01207e-26
0.58	-1.07897e-27	-7.66519e-27
0.59	-1.14457e-27	-5.50198e-27
0.6	-1.18991e-27	-3.60781e-27
0.61	-1.21755e-27	-1.9604e-27
0.62	-1.22987e-27	-5.38463e-28
0.63	-1.22901e-27	6.78202e-28
0.64	-1.21692e-27	1.70871e-27
0.65	-1.19539e-27	2.57108e-27
0.66	-1.16601e-27	3.2822e-27
0.67	-1.1302e-27	3.85787e-27
0.68	-1.08925e-27	4.3128e-27
0.69	-1.0443e-27	4.66065e-27
0.7	-9.96352e-28	4.91403e-27
0.71	-9.46295e-28	5.08458e-27
0.72	-8.94901e-28	5.18296e-27
0.73	-8.42843e-28	5.21894e-27
0.74	-7.907e-28	5.20141e-27
0.75	-7.38966e-28	5.13845e-27
0.76	-6.88058e-28	5.03735e-27
0.77	-6.38324e-28	4.90469e-27
0.78	-5.9005e-28	4.74635e-27
0.79	-5.43465e-28	4.5676e-27
0.8	-4.9875e-28	4.37311e-27
0.81	-4.56042e-28	4.167e-27
0.82	-4.15437e-28	3.95288e-27
0.83	-3.77e-28	3.73393e-27
0.84	-3.40765e-28	3.51287e-27
0.85	-3.06742e-28	3.29206e-27
0.86	-2.74916e-28	3.07351e-27
0.87	-2.45258e-28	2.85889e-27
0.88	-2.17721e-28	2.6496e-27
0.89	-1.92245e-28	2.4468e-27
0.9	-1.6876e-28	2.25138e-27
0.91	-1.4719e-28	2.06408e-27
0.92	-1.2745e-28	1.88541e-27
0.93	-1.09452e-28	1.71575e-27
0.94	-9.31041e-29	1.55533e-27
0.95	-7.83139e-29	1.40427e-27
0.96	-6.49874e-29	1.26258e-27
0.97	-5.30313e-29	1.13018e-27
0.98	-4.23533e-29	1.00692e-27
0.99	-3.28631e-29	8.92591e-28
1	-2.44726e-29	7.86923e-28
1.01	-1.70968e-29	6.89613e-28
1.02	-1.06536e-29	6.00323e-28
1.03	-5.06477e-30	5.18693e-28
1.04	-2.55499e-31	4.44343e-28
1.05	3.84505e-30	3.76883e-28
1.06	7.30381e-30	3.15918e-28
1.07	1.01837e-29	2.61049e-28
1.08	1.25438e-29	2.11883e-28
1.09	1.44391e-29	1.68031e-28
1.1	1.59208e-29	1.2911e-28
1.11	1.70365e-29	9.47522e-29
1.12	1.78299e-29	6.45995e-29
1.13	1.83414e-29	3.83086e-29
1.14	1.86079e-29	1.55512e-29
1.15	1.86631e-29	-3.98494e-30
1.16	1.85379e-29	-2.05957e-29
1.17	1.826e-29	-3.45604e-29
1.18	1.78546e-29	-4.61411e-29
1.19	1.73443e-29	-5.55835e-29
1.2	1.67493e-29	-6.31166e-29
1.21	1.60876e-29	-6.89531e-29
1.22	1.53753e-29	-7.329e-29
1.23	1.46262e-29	-7.63089e-29
1.24	1.38529e-29	-7.81769e-29
1.25	1.3066e-29	-7.90468e-29
1.26	1.22748e-29	-7.90583e-29
1.27	1.14873e-29	-7.8338e-29
1.28	1.07101e-29	-7.7001e-29
1.29	9.94898e-30	-7.51507e-29
1.3	9.20851e-30	-7.288e-29
1.31	8.4925e-30	-7.02722e-29
1.32	7.80394e-30	-6.74011e-29
1.33	7.14513e-30	-6.43322e-29
1.34	6.51776e-30	-6.1123e-29
1.35	5.92297e-30	-5.7824e-29
1.36	5.36144e-30	-5.44788e-29
1.37	4.83342e-30	-5.11252e-29
1.38	4.33885e-30	-4.77954e-29
1.39	3.87734e-30	-4.45167e-29
1.4	3.44827e-30	-4.13117e-29
1.41	3.0508e-30	-3.81991e-29
1.42	2.68393e-30	-3.5194e-29
1.43	2.34652e-30	-3.23083e-29
1.44	2.03733e-30	-2.95509e-29
1.45	1.75505e-30	-2.69284e-29
1.46	1.4983e-30	-2.4445e-29
1.47	1.26568e-30	-2.21031e-29
1.48	1.05576e-30	-1.99034e-29
1.49	8.67139e-31	-1.78451e-29
1.5	6.98397e-31	-1.59264e-29
1.51	5.48155e-31	-1.41443e-29
1.52	4.15067e-31	-1.24951e-29
1.53	2.97824e-31	-1.09744e-29
1.54	1.95166e-31	-9.57725e-30
1.55	1.05885e-31	-8.29821e-30
1.56	2.88271e-32	-7.13166e-30
1.57	-3.71036e-32	-6.07175e-30
1.58	-9.29434e-32	-5.11249e-30
1.59	-1.39669e-31	-4.24786e-30
1.6	-1.78196e-31	-3.47184e-30
1.61	-2.09381e-31	-2.77851e-30
1.62	-2.34022e-31	-2.16204e-30
1.63	-2.52859e-31	-1.61675e-30
1.64	-2.66576e-31	-1.13716e-30
1.65	-2.75804e-31	-7.17982e-31
1.66	-2.8112e-31	-3.54151e-31
1.67	-2.83055e-31	-4.0845e-32
1.68	-2.8209e-31	2.26514e-31
1.69	-2.78663e-31	4.5225e-31
1.7	-2.7317e-31	6.40435e-31
1.71	-2.65967e-31	7.94881e-31
1.72	-2.57373e-31	9.19153e-31
1.73	-2.47674e-31	1.01656e-30
1.74	-2.37121e-31	1.09018e-30
1.75	-2.2594e-31	1.14285e-30
1.76	-2.14325e-31	1.17718e-30
1.77	-2.02449e-31	1.19557e-30
1.78	-1.9046e-31	1.2002e-30
1.79	-1.78484e-31	1.19306e-30
1.8	-1.66632e-31	1.17596e-30
1.81	-1.54993e-31	1.15053e-30
1.82	-1.43644e-31	1.11824e-30
1.83	-1.32647e-31	1.08039e-30
1.84	-1.22051e-31	1.03817e-30
1.85	-1.11894e-31	9.92605e-31
1.86	-1.02207e-31	9.44611e-31
1.87	-9.30075e-32	8.94992e-31
1.88	-8.43098e-32	8.44445e-31
1.89	-7.61196e-32	7.93575e-31
1.9	-6.84376e-32	7.42899e-31
1.91	-6.12595e-32	6.92857e-31
1.92	-5.45771e-32	6.43816e-31
1.93	-4.83788e-32	5.96081e-31
1.94	-4.26503e-32	5.49901e-31
1.95	-3.7375e-32	5.05471e-31
1.96	-3.25345e-32	4.62943e-31
1.97	-2.81094e-32	4.22429e-31
1.98	-2.4079e-32	3.84005e-31
1.99	-2.04221e-32	3.47716e-31

0	-1.71491e-32	3.07553e-31
0.01	-1.42584e-32	2.71194e-31
0.02	-1.17135e-32	2.38345e-31
0.03	-9.48074e-33	2.08727e-31
0.04	-7.52907e-33	1.8208e-31
0.05	-5.83006e-33	1.58157e-31
0.06	-4.35761e-33	1.36729e-31
0.07	-3.08788e-33	1.17581e-31
0.08	-1.99907e-33	1.00512e-31
0.09	-1.07134e-33	8.5335e-32
0.1	-2.8664e-34	7.18782e-32
0.11	3.71418e-34	5.99808e-32
0.12	9.17677e-34	4.94948e-32
0.13	1.36556e-33	4.02836e-32
0.14	1.72718e-33	3.22214e-32
0.15	2.01343e-33	2.51927e-32
0.16	2.23412e-33	1.90914e-32
0.17	2.39803e-33	1.38207e-32
0.18	2.513e-33	9.29175e-33
0.19	2.58606e-33	5.42394e-33
0.2	2.62344e-33	2.14367e-33
0.21	2.63067e-33	-6.15845e-34
0.22	2.61265e-33	-2.91515e-33
0.23	2.57372e-33	-4.80904e-33
0.24	2.51766e-33	-6.34697e-33
0.25	2.44781e-33	-7.57352e-33
0.26	2.36709e-33	-8.52877e-33
0.27	2.27802e-33	-9.24868e-33
0.28	2.18279e-33	-9.76542e-33
0.29	2.08329e-33	-1.01077e-32
0.3	1.98113e-33	-1.03013e-32
0.31	1.87769e-33	-1.03687e-32
0.32	1.77411e-33	-1.03302e-32
0.33	1.67138e-33	-1.02036e-32
0.34	1.57028e-33	-1.00046e-32
0.35	1.47148e-33	-9.74681e-33
0.36	1.3755e-33	-9.4424e-33
0.37	1.28275e-33	-9.10179e-33
0.38	1.19355e-33	-8.73407e-33
0.39	1.10814e-33	-8.34705e-33
0.4	1.02666e-33	-7.94746e-33
0.41	9.49209e-34	-7.54103e-33
0.42	8.75841e-34	-7.13259e-33
0.43	8.06551e-34	-6.72621e-33
0.44	7.41299e-34	-6.32527e-33
0.45	6.80018e-34	-5.93254e-33
0.46	6.22613e-34	-5.55026e-33
0.47	5.68972e-34	-5.18019e-33
0.48	5.18964e-34	-4.82372e-33
0.49	4.72448e-34	-4.48187e-33
0.5	4.29275e-34	-4.15534e-33
0.51	3.89289e-34	-3.84461e-33
0.52	3.5233e-34	-3.54991e-33
0.53	3.18237e-34	-3.27129e-33
0.54	2.86851e-34	-3.00866e-33
0.55	2.58011e-34	-2.76178e-33
0.56	2.31564e-34	-2.53031e-33
0.57	2.07355e-34	-2.31384e-33
0.58	1.85238e-34	-2.11187e-33
0.59	1.65071e-34	-1.92386e-33
0.6	1.46717e-34	-1.74922e-33
0.61	1.30044e-34	-1.58736e-33
0.62	1.14929e-34	-1.43765e-33
0.63	1.01253e-34	-1.29945e-33
0.64	8.89036e-35	-1.17214e-33
0.65	7.77757e-35	-1.05508e-33
0.66	6.77698e-35	-9.47659e-34
0.67	5.87925e-35	-8.49266e-34
0.68	5.07563e-35	-7.59315e-34
0.69	4.35799e-35	-6.77239e-34
0.7	3.71871e-35	-6.02491e-34
0.71	3.15074e-35	-5.34546e-34
0.72	2.64752e-35	-4.72906e-34
0.73	2.20299e-35	-4.17096e-34
0.74	1.81154e-35	-3.66666e-34
0.75	1.468e-35	-3.2119e-34
0.76	1.16764e-35	-2.80268e-34
0.77	9.06076e-36	-2.43525e-34
0.78	6.79315e-36	-2.10607e-34
0.79	4.83697e-36	-1.81186e-34
0.8	3.1588e-36	-1.54955e-34
0.81	1.72819e-36	-1.31628e-34
0.82	5.17441e-37	-1.1094e-34
0.83	-4.98593e-37	-9.2646e-35
0.84	-1.3427e-36	-7.65181e-35
0.85	-2.03547e-36	-6.23472e-35
0.86	-2.59552e-36	-4.99406e-35
0.87	-3.03957e-36	-3.9121e-35
0.88	-3.38268e-36	-2.9726e-35
0.89	-3.63834e-36	-2.16069e-35
0.9	-3.81862e-36	-1.46276e-35
0.91	-3.93428e-36	-8.66432e-36
0.92	-3.99491e-36	-3.60411e-36
0.93	-4.00902e-36	6.55487e-37
0.94	-3.98416e-36	4.20741e-36
0.95	-3.92695e-36	7.13575e-36
0.96	-3.84326e-36	9.51646e-36
0.97	-3.73822e-36	1.1418e-35
0.98	-3.6163e-36	1.29018e-35
0.99	-3.48139e-36	1.40233e-35
1	-3.33687e-36	1.48318e-35
1.01	-3.18565e-36	1.53715e-35
1.02	-3.0302e-36	1.56817e-35
1.03	-2.87266e-36	1.57974e-35
1.04	-2.7148e-36	1.57496e-35
1.05	-2.55812e-36	1.55657e-35
1.06	-2.40386e-36	1.52697e-35
1.07	-2.25303e-36	1.48829e-35
1.08	-2.10644e-36	1.44237e-35
1.09	-1.96474e-36	1.39083e-35
1.1	-1.82842e-36	1.33505e-35
1.11	-1.69783e-36	1.27626e-35
1.12	-1.57323e-36	1.21548e-35
1.13	-1.45477e-36	1.1536e-35
1.14	-1.34252e-36	1.09137e-35
1.15	-1.23649e-36	1.02941e-35
1.16	-1.13661e-36	9.68237e-36
1.17	-1.0428e-36	9.08291e-36
1.18	-9.54902e-37	8.49915e-36
1.19	-8.72753e-37	7.93383e-36
1.2	-7.96157e-37	7.38909e-36
1.21	-7.24898e-37	6.86652e-36
1.22	-6.58749e-37	6.36724e-36
1.23	-5.97473e-37	5.89199e-36
1.24	-5.40827e-37	5.44115e-36
1.25	-4.88568e-37	5.01482e-36
1.26	-4.4045e-37	4.61286e-36
1.27	-3.9623e-37	4.23494e-36
1.28	-3.55672e-37	3.88055e-36
1.29	-3.18543e-37	3.54906e-36
1.3	-2.84617e-37	3.23972e-36
1.31	-2.53678e-37	2.95171e-36
1.32	-2.25515e-37	2.68415e-36
1.33	-1.99929e-37	2.43613e-36
1.34	-1.7673e-37	2.20669e-36
1.35	-1.55737e-37	1.99486e-36
1.36	-1.36778e-37	1.79969e-36
1.37	-1.19691e-37	1.62021e-36
1.38	-1.04324e-37	1.45548e-36
1.39	-9.0535e-38	1.30458e-36
1.4	-7.81895e-38	1.16661e-36
1.41	-6.71627e-38	1.0407e-36
1.42	-5.73381e-38	9.2601e-37
1.43	-4.86077e-38	8.21749e-37
1.44	-4.0871e-38	7.27148e-37
1.45	-3.4035e-38	6.41482e-37
1.46	-2.80139e-38	5.64061e-37
1.47	-2.27284e-38	4.94237e-37
1.48	-1.81059e-38	4.31395e-37
1.49	-1.40792e-38	3.74961e-37
1.5	-1.05871e-38	3.24394e-37
1.51	-7.57346e-39	2.79191e-37
1.52	-4.98699e-39	2.38881e-37
1.53	-2.78099e-39	2.03027e-37
1.54	-9.12961e-40	1.71223e-37
1.55	6.55699e-40	1.43092e-37
1.56	1.95996e-39	1.18287e-37
1.57	3.03145e-39	9.64863e-38
1.58	3.89871e-39	7.73946e-38
1.59	4.58746e-39	6.07401e-38
1.6	5.1208e-39	4.62738e-38
1.61	5.51946e-39	3.37673e-38
1.62	5.80198e-39	2.30123e-38
1.63	5.9849e-39	1.38185e-38
1.64	6.08297e-39	6.01285e-39
1.65	6.10926e-39	-5.61958e-40
1.66	6.07535e-39	-6.04856e-39
1.67	5.99148e-39	-1.0576e-38
1.68	5.86664e-39	-1.4261e-38
1.69	5.70872e-39	-1.72086e-38
1.7	5.52461e-39	-1.95132e-38
1.71	5.32031e-39	-2.12597e-38
1.72	5.10102e-39	-2.25242e-38
1.73	4.8712e-39	-2.33744e-38
1.74	4.63471e-39	-2.38708e-38
1.75	4.39479e-39	-2.40672e-38
1.76	4.1542e-39	-2.40111e-38
1.77	3.91526e-39	-2.37447e-38
1.78	3.67988e-39	-2.33051e-38
1.79	3.44963e-39	-2.27248e-38
1.8	3.22576e-39	-2.20323e-38
1.81	3.00927e-39	-2.12524e-38
1.82	2.80093e-39	-2.04066e-38
1.83	2.6013e-39	-1.95136e-38
1.84	2.41076e-39	-1.85892e-38
1.85	2.22957e-39	-1.76472e-38
1.86	2.05784e-39	-1.66989e-38
1.87	1.89558e-39	-1.57542e-38
1.88	1.74272e-39	-1.4821e-38
1.89	1.5991e-39	-1.3906e-38
1.9	1.46452e-39	-1.30146e-38
1.91	1.33871e-39	-1.21511e-38
1.92	1.22139e-39	-1.13186e-38
1.93	1.11223e-39	-1.05198e-38
1.94	1.01088e-39	-9.75643e-39
1.95	9.16979e-40	-9.02957e-39
1.96	8.30163e-40	-8.33987e-39
1.97	7.50057e-40	-7.68753e-39
1.98	6.76288e-40	-7.07236e-39
1.99	6.08488e-40	-6.49385e-39

0	5.46882e-40	-5.83887e-39
0.01	4.91491e-40	-5.24975e-39
0.02	4.4169e-40	-4.71987e-39
0.03	3.96916e-40	-4.2433e-39
0.04	3.56664e-40	-3.81469e-39
0.05	3.20478e-40	-3.42923e-39
0.06	2.8795e-40	-3.08259e-39
0.07	2.5871e-40	-2.77087e-39
0.08	2.32428e-40	-2.49056e-39
0.09	2.08805e-40	-2.2385e-39
0.1	1.87573e-40	-2.01187e-39
0.11	1.68492e-40	-1.8081e-39
0.12	1.51343e-40	-1.62489e-39
0.13	1.35932e-40	-1.46017e-39
0.14	1.22084e-40	-1.31209e-39
0.15	1.09641e-40	-1.17898e-39
0.16	9.84597e-41	-1.05931e-39
0.17	8.8414e-41	-9.51743e-40
0.18	7.93887e-41	-8.55056e-40
0.19	7.12803e-41	-7.68152e-40
0.2	6.39963e-41	-6.90045e-40
0.21	5.74531e-41	-6.19847e-40
0.22	5.15757e-41	-5.5676e-40
0.23	4.62966e-41	-5.00067e-40
0.24	4.15552e-41	-4.49123e-40
0.25	3.7297e-41	-4.03346e-40
0.26	3.34728e-41	-3.62214e-40
0.27	3.00388e-41	-3.25258e-40
0.28	2.69552e-41	-2.92055e-40
0.29	2.41864e-41	-2.62226e-40
0.3	2.17006e-41	-2.3543e-40
0.31	1.94688e-41	-2.11358e-40
0.32	1.74652e-41	-1.89737e-40
0.33	1.56667e-41	-1.70316e-40
0.34	1.40523e-41	-1.52873e-40
0.35	1.26033e-41	-1.37208e-40
0.36	1.13029e-41	-1.2314e-40
0.37	1.01358e-41	-1.10507e-40
0.38	9.08843e-42	-9.91627e-41
0.39	8.14865e-42	-8.89771e-41
0.4	7.30542e-42	-7.9832e-41
0.41	6.54889e-42	-7.16217e-41
0.42	5.87019e-42	-6.42511e-41
0.43	5.26136e-42	-5.76347e-41
0.44	4.71524e-42	-5.16957e-41
0.45	4.22542e-42	-4.63651e-41
0.46	3.78612e-42	-4.15809e-41
0.47	3.39217e-42	-3.72874e-41
0.48	3.03891e-42	-3.34345e-41
0.49	2.72216e-42	-2.99772e-41
0.5	2.43818e-42	-2.68752e-41
0.51	2.18359e-42	-2.40921e-41
0.52	1.95538e-42	-2.15953e-41
0.53	1.75083e-42	-1.93555e-41
0.54	1.56751e-42	-1.73464e-41
0.55	1.40321e-42	-1.55445e-41
0.56	1.256e-42	-1.39284e-41
0.57	1.12409e-42	-1.24791e-41
0.58	1.00592e-42	-1.11795e-41
0.59	9.00053e-43	-1.00143e-41
0.6	8.05229e-43	-8.96957e-42
0.61	7.20302e-43	-8.033e-42
0.62	6.44246e-43	-7.19346e-42
0.63	5.76143e-43	-6.44096e-42
0.64	5.15167e-43	-5.76654e-42
0.65	4.60579e-43	-5.16214e-42
0.66	4.11715e-43	-4.62056e-42
0.67	3.6798e-43	-4.13531e-42
0.68	3.28841e-43	-3.70056e-42
0.69	2.93818e-43	-3.31112e-42
0.7	2.62483e-43	-2.96228e-42
0.71	2.34451e-43	-2.64985e-42
0.72	2.09377e-43	-2.37005e-42
0.73	1.86953e-43	-2.11951e-42
0.74	1.669e-43	-1.8952e-42
0.75	1.4897e-43	-1.69438e-42
0.76	1.32942e-43	-1.51462e-42
0.77	1.18615e-43	-1.35372e-42
0.78	1.05811e-43	-1.20974e-42
0.79	9.43701e-44	-1.0809e-42
0.8	8.41482e-44	-9.65622e-43
0.81	7.50172e-44	-8.62499e-43
0.82	6.6862e-44	-7.70257e-43
0.83	5.95796e-44	-6.87761e-43
0.84	5.30777e-44	-6.13991e-43
0.85	4.72738e-44	-5.48033e-43
0.86	4.20938e-44	-4.89068e-43
0.87	3.74716e-44	-4.36362e-43
0.88	3.33479e-44	-3.89259e-43
0.89	2.96697e-44	-3.47169e-43
0.9	2.63896e-44	-3.09565e-43
0.91	2.34651e-44	-2.75973e-43
0.92	2.08582e-44	-2.45972e-43
0.93	1.85349e-44	-2.19182e-43
0.94	1.6465e-44	-1.95262e-43
0.95	1.46211e-44	-1.73911e-43
0.96	1.29791e-44	-1.54855e-43
0.97	1.15172e-44	-1.37851e-43
0.98	1.0216e-44	-1.2268e-43
0.99	9.05815e-45	-1.09149e-43
1	8.02815e-45	-9.70821e-44
1.01	7.11216e-45	-8.63233e-44
1.02	6.29779e-45	-7.67331e-44
1.03	5.57402e-45	-6.81864e-44
1.04	4.93096e-45	-6.05714e-44
1.05	4.35982e-45	-5.37883e-44
1.06	3.85273e-45	-4.77476e-44
1.07	3.40266e-45	-4.23695e-44
1.08	3.00337e-45	-3.75827e-44
1.09	2.64925e-45	-3.33231e-44
1.1	2.33534e-45	-2.9534e-44
1.11	2.05718e-45	-2.61642e-44
1.12	1.81081e-45	-2.31683e-44
1.13	1.5927e-45	-2.05057e-44
1.14	1.39971e-45	-1.814e-44
1.15	1.22902e-45	-1.60389e-44
1.16	1.07814e-45	-1.41734e-44
1.17	9.44854e-46	-1.25177e-44
1.18	8.27168e-46	-1.10488e-44
1.19	7.23324e-46	-9.74608e-45
1.2	6.31754e-46	-8.59125e-45
1.21	5.51061e-46	-7.56795e-45
1.22	4.80006e-46	-6.66161e-45
1.23	4.17483e-46	-5.85924e-45
1.24	3.62513e-46	-5.14925e-45
1.25	3.14225e-46	-4.52132e-45
1.26	2.71844e-46	-3.96628e-45
1.27	2.34684e-46	-3.47593e-45
1.28	2.02134e-46	-3.04299e-45
1.29	1.73655e-46	-2.66097e-45
1.3	1.48765e-46	-2.3241e-45
1.31	1.27039e-46	-2.02725e-45
1.32	1.08102e-46	-1.76585e-45
1.33	9.16179e-47	-1.53584e-45
1.34	7.72924e-47	-1.33362e-45
1.35	6.48638e-47	-1.15597e-45
1.36	5.41006e-47	-1.00006e-45
1.37	4.47986e-47	-8.63356e-46
1.38	3.6777e-47	-7.43613e-46
1.39	2.98765e-47	-6.38841e-46
1.4	2.39563e-47	-5.47276e-46
1.41	1.88922e-47	-4.67353e-46
1.42	1.45751e-47	-3.97685e-46
1.43	1.09085e-47	-3.37045e-46
1.44	7.80773e-48	-2.84344e-46
1.45	5.19835e-48	-2.38622e-46
1.46	3.0149e-48	-1.99026e-46
1.47	1.19994e-48	-1.64806e-46
1.48	-2.96892e-49	-1.35296e-46
1.49	-1.51971e-48	-1.0991e-46
1.5	-2.5071e-48	-8.81307e-47
1.51	-3.2928e-48	-6.95011e-47
1.52	-3.90627e-48	-5.36191e-47
1.53	-4.37315e-48	-4.01304e-47
1.54	-4.7158e-48	-2.87234e-47
1.55	-4.95363e-48	-1.9124e-47
1.56	-5.1035e-48	-1.10915e-47
1.57	-5.17998e-48	-4.41459e-48
1.58	-5.19568e-48	1.09197e-48
1.59	-5.16149e-48	5.59048e-48
1.6	-5.08675e-48	9.22292e-48
1.61	-4.9795e-48	1.21134e-47
1.62	-4.84659e-48	1.43702e-47
1.63	-4.69389e-48	1.60878e-47
1.64	-4.52636e-48	1.73484e-47
1.65	-4.34821e-48	1.82233e-47
1.66	-4.16297e-48	1.87746e-47
1.67	-3.97361e-48	1.9056e-47
1.68	-3.78259e-48	1.91138e-47
1.69	-3.59195e-48	1.8988e-47
1.7	-3.40333e-48	1.87131e-47
1.71	-3.21808e-48	1.83185e-47
1.72	-3.03727e-48	1.78296e-47
1.73	-2.86173e-48	1.72678e-47
1.74	-2.6921e-48	1.66515e-47
1.75	-2.52883e-48	1.59961e-47
1.76	-2.37226e-48	1.53147e-47
1.77	-2.22259e-48	1.46181e-47
1.78	-2.07992e-48	1.39154e-47
1.79	-1.94428e-48	1.3214e-47
1.8	-1.81561e-48	1.25201e-47
1.81	-1.69383e-48	1.18386e-47
1.82	-1.57879e-48	1.11735e-47
1.83	-1.4703e-48	1.05277e-47
1.84	-1.36816e-48	9.90366e-48
1.85	-1.27214e-48	9.30304e-48
1.86	-1.18202e-48	8.72705e-48
1.87	-1.09752e-48	8.17644e-48
1.88	-1.0184e-48	7.65159e-48
1.89	-9.44401e-49	7.15258e-48
1.9	-8.75263e-49	6.67926e-48
1.91	-8.10732e-49	6.23125e-48
1.92	-7.50556e-49	5.80802e-48
1.93	-6.94491e-49	5.40892e-48
1.94	-6.42299e-49	5.03317e-48
1.95	-5.93752e-49	4.67996e-48
1.96	-5.48628e-49	4.34839e-48
1.97	-5.06715e-49	4.03755e-48
1.98	-4.67811e-49	3.74649e-48
1.99	-4.31723e-49	3.47426e-48

