0	-0.00997949	0.051998
0.01	-0.00995798	0.0539917
0.02	-0.00993546	0.0559811
0.03	-0.00991194	0.0579658
0.04	-0.00988741	0.0599458
0.05	-0.00986188	0.0619207
0.06	-0.00983535	0.0638905
0.07	-0.00980782	0.0658548
0.08	-0.0097793	0.0678135
0.09	-0.00974979	0.0697665
0.1	-0.00971928	0.0717134
0.11	-0.00968779	0.0736541
0.12	-0.00965532	0.0755884
0.13	-0.00962186	0.0775162
0.14	-0.00958742	0.0794371
0.15	-0.00955201	0.0813511
0.16	-0.00951562	0.0832579
0.17	-0.00947827	0.0851573
0.18	-0.00943995	0.0870491
0.19	-0.00940066	0.0889332
0.2	-0.00936041	0.0908093
0.21	-0.00931921	0.0926773
0.22	-0.00927706	0.0945369
0.23	-0.00923395	0.096388
0.24	-0.0091899	0.0982304
0.25	-0.00914491	0.100064
0.26	-0.00909898	0.101888
0.27	-0.00905212	0.103703
0.28	-0.00900433	0.105509
0.29	-0.00895562	0.107305
0.3	-0.00890598	0.109091
0.31	-0.00885543	0.110867
0.32	-0.00880397	0.112633
0.33	-0.00875161	0.114389
0.34	-0.00869834	0.116134
0.35	-0.00864417	0.117868
0.36	-0.00858911	0.119592
0.37	-0.00853317	0.121304
0.38	-0.00847634	0.123005
0.39	-0.00841864	0.124694
0.4	-0.00836007	0.126372
0.41	-0.00830063	0.128038
0.42	-0.00824033	0.129692
0.43	-0.00817918	0.131334
0.44	-0.00811718	0.132964
0.45	-0.00805433	0.134581
0.46	-0.00799065	0.136186
0.47	-0.00792614	0.137777
0.48	-0.0078608	0.139356
0.49	-0.00779465	0.140922
0.5	-0.00772768	0.142474
0.51	-0.0076599	0.144013
0.52	-0.00759133	0.145538
0.53	-0.00752196	0.147049
0.54	-0.0074518	0.148547
0.55	-0.00738086	0.15003
0.56	-0.00730915	0.151499
0.57	-0.00723668	0.152953
0.58	-0.00716344	0.154393
0.59	-0.00708945	0.155819
0.6	-0.00701471	0.157229
0.61	-0.00693924	0.158625
0.62	-0.00686303	0.160005
0.63	-0.0067861	0.16137
0.64	-0.00670845	0.162719
0.65	-0.00663009	0.164053
0.66	-0.00655103	0.165371
0.67	-0.00647127	0.166673
0.68	-0.00639083	0.16796
0.69	-0.0063097	0.16923
0.7	-0.00622791	0.170484
0.71	-0.00614545	0.171721
0.72	-0.00606234	0.172942
0.73	-0.00597857	0.174146
0.74	-0.00589417	0.175333
0.75	-0.00580914	0.176503
0.76	-0.00572348	0.177657
0.77	-0.00563721	0.178793
0.78	-0.00555033	0.179912
0.79	-0.00546285	0.181013
0.8	-0.00537478	0.182097
0.81	-0.00528613	0.183163
0.82	-0.00519691	0.184211
0.83	-0.00510712	0.185241
0.84	-0.00501677	0.186254
0.85	-0.00492588	0.187248
0.86	-0.00483445	0.188224
0.87	-0.0047425	0.189182
0.88	-0.00465002	0.190121
0.89	-0.00455703	0.191042
0.9	-0.00446354	0.191944
0.91	-0.00436955	0.192827
0.92	-0.00427508	0.193692
0.93	-0.00418014	0.194537
0.94	-0.00408473	0.195364
0.95	-0.00398886	0.196171
0.96	-0.00389255	0.196959
0.97	-0.0037958	0.197728
0.98	-0.00369862	0.198478
0.99	-0.00360102	0.199207
1	-0.00350302	0.199918
1.01	-0.00340461	0.200609
1.02	-0.00330581	0.20128
1.03	-0.00320664	0.201931
1.04	-0.00310709	0.202562
1.05	-0.00300719	0.203174
1.06	-0.00290693	0.203765
1.07	-0.00280633	0.204337
1.08	-0.0027054	0.204888
1.09	-0.00260415	0.205419
1.1	-0.00250259	0.205929
1.11	-0.00240073	0.20642
1.12	-0.00229858	0.20689
1.13	-0.00219614	0.207339
1.14	-0.00209344	0.207768
1.15	-0.00199047	0.208176
1.16	-0.00188725	0.208564
1.17	-0.0017838	0.208931
1.18	-0.00168011	0.209278
1.19	-0.0015762	0.209603
1.2	-0.00147209	0.209908
1.21	-0.00136777	0.210192
1.22	-0.00126327	0.210455
1.23	-0.00115858	0.210697
1.24	-0.00105373	0.210919
1.25	-0.000948721	0.211119
1.26	-0.000843564	0.211298
1.27	-0.00073827	0.211456
1.28	-0.000632849	0.211593
1.29	-0.000527312	0.21171
1.3	-0.00042167	0.211804
1.31	-0.000315933	0.211878
1.32	-0.000210112	0.211931
1.33	-0.000104216	0.211962
1.34	1.74291e-06	0.211972
1.35	0.000107755	0.211962
1.36	0.000213809	0.211929
1.37	0.000319894	0.211876
1.38	0.000426001	0.211801
1.39	0.000532118	0.211706
1.4	0.000638235	0.211589
1.41	0.000744341	0.21145
1.42	0.000850426	0.211291
1.43	0.000956479	0.21111
1.44	0.00106249	0.210908
1.45	0.00116845	0.210685
1.46	0.00127434	0.210441
1.47	0.00138016	0.210175
1.48	0.00148589	0.209889
1.49	0.00159153	0.209581
1.5	0.00169706	0.209252
1.51	0.00180247	0.208902
1.52	0.00190776	0.208531
1.53	0.00201291	0.208139
1.54	0.00211791	0.207726
1.55	0.00222275	0.207292
1.56	0.00232742	0.206837
1.57	0.00243191	0.206361
1.58	0.00253621	0.205864
1.59	0.00264031	0.205347
1.6	0.00274419	0.204808
1.61	0.00284786	0.204249
1.62	0.00295129	0.203669
1.63	0.00305447	0.203068
1.64	0.00315741	0.202447
1.65	0.00326008	0.201805
1.66	0.00336247	0.201143
1.67	0.00346458	0.20046
1.68	0.00356639	0.199757
1.69	0.0036679	0.199034
1.7	0.00376909	0.19829
1.71	0.00386995	0.197526
1.72	0.00397048	0.196742
1.73	0.00407066	0.195938
1.74	0.00417049	0.195114
1.75	0.00426994	0.19427
1.76	0.00436902	0.193406
1.77	0.00446772	0.192522
1.78	0.00456601	0.191619
1.79	0.0046639	0.190696
1.8	0.00476137	0.189753
1.81	0.00485841	0.188792
1.82	0.00495501	0.18781
1.83	0.00505117	0.18681
1.84	0.00514687	0.18579
1.85	0.0052421	0.184751
1.86	0.00533686	0.183693
1.87	0.00543113	0.182616
1.88	0.0055249	0.18152
1.89	0.00561817	0.180406
1.9	0.00571092	0.179273
1.91	0.00580315	0.178122
1.92	0.00589485	0.176952
1.93	0.005986	0.175764
1.94	0.00607659	0.174558
1.95	0.00616663	0.173333
1.96	0.00625609	0.172091
1.97	0.00634497	0.170831
1.98	0.00643326	0.169553
1.99	0.00652095	0.168258
2	0.00660804	0.166945
2.01	0.0066945	0.165615
2.02	0.00678034	0.164267
2.03	0.00686555	0.162902
2.04	0.00695011	0.161521
2.05	0.00703402	0.160122
2.06	0.00711726	0.158707
2.07	0.00719984	0.157276
2.08	0.00728173	0.155827
2.09	0.00736294	0.154363
2.1	0.00744346	0.152882
2.11	0.00752327	0.151386
2.12	0.00760236	0.149873
2.13	0.00768074	0.148345
2.14	0.00775838	0.146801
2.15	0.00783529	0.145241
2.16	0.00791146	0.143667
2.17	0.00798687	0.142077
2.18	0.00806152	0.140472
2.19	0.0081354	0.138852
2.2	0.0082085	0.137218
2.21	0.00828082	0.135569
2.22	0.00835235	0.133906
2.23	0.00842308	0.132228
2.24	0.008493	0.130536
2.25	0.0085621	0.128831
2.26	0.00863039	0.127112
2.27	0.00869784	0.125379
2.28	0.00876446	0.123633
2.29	0.00883024	0.121873
2.3	0.00889516	0.120101
2.31	0.00895923	0.118315
2.32	0.00902243	0.116517
2.33	0.00908477	0.114706
2.34	0.00914622	0.112883
2.35	0.00920679	0.111048
2.36	0.00926647	0.1092
2.37	0.00932526	0.107341
2.38	0.00938314	0.10547
2.39	0.00944011	0.103588
2.4	0.00949616	0.101694
2.41	0.00955129	0.0997896
2.42	0.0096055	0.0978739
2.43	0.00965877	0.0959475
2.44	0.0097111	0.0940105
2.45	0.00976249	0.0920631
2.46	0.00981292	0.0901055
2.47	0.0098624	0.088138
2.48	0.00991092	0.0861606
2.49	0.00995847	0.0841737
2.5	0.0100051	0.0821773
2.51	0.0100507	0.0801717
2.52	0.0100953	0.0781571
2.53	0.0101389	0.0761337
2.54	0.0101815	0.0741016
2.55	0.0102232	0.0720611
2.56	0.0102638	0.0700124
2.57	0.0103035	0.0679557
2.58	0.0103421	0.0658911
2.59	0.0103797	0.0638189
2.6	0.0104163	0.0617393
2.61	0.0104518	0.0596525
2.62	0.0104864	0.0575586
2.63	0.0105199	0.055458
2.64	0.0105524	0.0533507
2.65	0.0105838	0.0512371
2.66	0.0106142	0.0491173
2.67	0.0106435	0.0469915
2.68	0.0106718	0.04486
2.69	0.010699	0.0427229
2.7	0.0107252	0.0405804
2.71	0.0107503	0.0384328
2.72	0.0107744	0.0362803
2.73	0.0107974	0.0341231
2.74	0.0108193	0.0319615
2.75	0.0108402	0.0297955
2.76	0.01086	0.0276255
2.77	0.0108787	0.0254516
2.78	0.0108963	0.0232741
2.79	0.0109128	0.0210931
2.8	0.0109283	0.018909
2.81	0.0109427	0.0167219
2.82	0.010956	0.014532
2.83	0.0109681	0.0123396
2.84	0.0109793	0.0101448
2.85	0.0109893	0.00794795
2.86	0.0109982	0.00574918
2.87	0.011006	0.00354875
2.88	0.0110127	0.00134685
2.89	0.0110184	-0.000856279
2.9	0.0110229	-0.00306043
2.91	0.0110263	-0.00526537
2.92	0.0110287	-0.00747089
2.93	0.0110299	-0.00967676
2.94	0.01103	-0.0118828
2.95	0.011029	-0.0140887
2.96	0.011027	-0.0162943
2.97	0.0110238	-0.0184994
2.98	0.0110195	-0.0207037
2.99	0.0110141	-0.0229071
3	0.0110076	-0.0251093
3.01	0.011	-0.0273101
3.02	0.0109913	-0.0295092
3.03	0.0109815	-0.0317065
3.04	0.0109705	-0.0339017
3.05	0.0109585	-0.0360947
3.06	0.0109454	-0.0382851
3.07	0.0109312	-0.0404728
3.08	0.0109159	-0.0426575
3.09	0.0108994	-0.044839
3.1	0.0108819	-0.0470172
3.11	0.0108633	-0.0491917
3.12	0.0108436	-0.0513624
3.13	0.0108228	-0.0535291
3.14	0.0108009	-0.0556915
3.15	0.0107779	-0.0578494
3.16	0.0107538	-0.0600026
3.17	0.0107286	-0.0621508
3.18	0.0107024	-0.064294
3.19	0.0106751	-0.0664317
3.2	0.0106466	-0.0685639
3.21	0.0106171	-0.0706903
3.22	0.0105866	-0.0728107
3.23	0.0105549	-0.0749249
3.24	0.0105222	-0.0770326
3.25	0.0104884	-0.0791337
3.26	0.0104535	-0.0812279
3.27	0.0104176	-0.083315
3.28	0.0103807	-0.0853949
3.29	0.0103426	-0.0874672
3.3	0.0103035	-0.0895318
3.31	0.0102634	-0.0915885
3.32	0.0102222	-0.0936371
3.33	0.01018	-0.0956773
3.34	0.0101367	-0.097709
3.35	0.0100924	-0.099732
3.36	0.0100471	-0.101746
3.37	0.0100007	-0.103751
3.38	0.00995332	-0.105746
3.39	0.00990491	-0.107732
3.4	0.00985549	-0.109708
3.41	0.00980506	-0.111674
3.42	0.00975362	-0.11363
3.43	0.00970118	-0.115575
3.44	0.00964775	-0.11751
3.45	0.00959332	-0.119435
3.46	0.00953791	-0.121348
3.47	0.00948151	-0.12325
3.48	0.00942414	-0.12514
3.49	0.0093658	-0.127019
3.5	0.00930649	-0.128886
3.51	0.00924622	-0.130742
3.52	0.00918499	-0.132585
3.53	0.00912282	-0.134416
3.54	0.0090597	-0.136234
3.55	0.00899565	-0.138039
3.56	0.00893066	-0.139832
3.57	0.00886475	-0.141612
3.58	0.00879791	-0.143378
3.59	0.00873017	-0.145131
3.6	0.00866151	-0.14687
3.61	0.00859196	-0.148595
3.62	0.00852151	-0.150307
3.63	0.00845018	-0.152004
3.64	0.00837796	-0.153687
3.65	0.00830487	-0.155355
3.66	0.00823091	-0.157009
3.67	0.00815609	-0.158647
3.68	0.00808042	-0.160271
3.69	0.0080039	-0.161879
3.7	0.00792655	-0.163472
3.71	0.00784836	-0.16505
3.72	0.00776935	-0.166612
3.73	0.00768952	-0.168158
3.74	0.00760888	-0.169688
3.75	0.00752744	-0.171201
3.76	0.00744521	-0.172698
3.77	0.00736219	-0.174179
3.78	0.0072784	-0.175643
3.79	0.00719383	-0.177091
3.8	0.0071085	-0.178521
3.81	0.00702242	-0.179934
3.82	0.00693559	-0.18133
3.83	0.00684803	-0.182708
3.84	0.00675974	-0.184069
3.85	0.00667072	-0.185412
3.86	0.006581	-0.186737
3.87	0.00649057	-0.188044
3.88	0.00639945	-0.189333
3.89	0.00630764	-0.190604
3.9	0.00621515	-0.191856
3.91	0.006122	-0.19309
3.92	0.00602819	-0.194305
3.93	0.00593372	-0.195501
3.94	0.00583862	-0.196678
3.95	0.00574289	-0.197837
3.96	0.00564653	-0.198976
3.97	0.00554956	-0.200095
3.98	0.00545199	-0.201195
3.99	0.00535382	-0.202276
4	0.00525507	-0.203337
4.01	0.00515574	-0.204378
4.02	0.00505585	-0.205399
4.03	0.0049554	-0.2064
4.04	0.00485441	-0.207381
4.05	0.00475288	-0.208342
4.06	0.00465082	-0.209282
4.07	0.00454825	-0.210202
4.08	0.00444517	-0.211102
4.09	0.0043416	-0.21198
4.1	0.00423754	-0.212838
4.11	0.004133	-0.213675
4.12	0.004028	-0.214491
4.13	0.00392254	-0.215286
4.14	0.00381664	-0.21606
4.15	0.0037103	-0.216813
4.16	0.00360354	-0.217544
4.17	0.00349636	-0.218254
4.18	0.00338878	-0.218943
4.19	0.00328081	-0.21961
4.2	0.00317246	-0.220255
4.21	0.00306373	-0.220879
4.22	0.00295465	-0.221481
4.23	0.00284521	-0.222061
4.24	0.00273543	-0.222619
4.25	0.00262533	-0.223155
4.26	0.00251491	-0.223669
4.27	0.00240418	-0.224161
4.28	0.00229315	-0.224631
4.29	0.00218185	-0.225078
4.3	0.00207026	-0.225503
4.31	0.00195842	-0.225906
4.32	0.00184632	-0.226287
4.33	0.00173398	-0.226645
4.34	0.00162141	-0.22698
4.35	0.00150862	-0.227293
4.36	0.00139563	-0.227584
4.37	0.00128244	-0.227851
4.38	0.00116906	-0.228097
4.39	0.00105552	-0.228319
4.4	0.000941805	-0.228519
4.41	0.000827943	-0.228696
4.42	0.000713941	-0.22885
4.43	0.00059981	-0.228981
4.44	0.000485563	-0.22909
4.45	0.00037121	-0.229176
4.46	0.000256762	-0.229238
4.47	0.000142232	-0.229278
4.48	2.76302e-05	-0.229295
4.49	-8.70318e-05	-0.229289
4.5	-0.000201742	-0.22926
4.51	-0.00031649	-0.229209
4.52	-0.000431264	-0.229134
4.53	-0.000546052	-0.229036
4.54	-0.000660842	-0.228915
4.55	-0.000775624	-0.228772
4.56	-0.000890386	-0.228605
4.57	-0.00100512	-0.228416
4.58	-0.0011198	-0.228203
4.59	-0.00123443	-0.227968
4.6	-0.001349	-0.227709
4.61	-0.00146349	-0.227428
4.62	-0.00157789	-0.227124
4.63	-0.00169219	-0.226797
4.64	-0.00180637	-0.226447
4.65	-0.00192044	-0.226074
4.66	-0.00203437	-0.225679
4.67	-0.00214815	-0.225261
4.68	-0.00226177	-0.22482
4.69	-0.00237522	-0.224356
4.7	-0.0024885	-0.22387
4.71	-0.00260158	-0.223361
4.72	-0.00271446	-0.222829
4.73	-0.00282712	-0.222275
4.74	-0.00293955	-0.221698
4.75	-0.00305175	-0.221099
4.76	-0.0031637	-0.220478
4.77	-0.00327539	-0.219834
4.78	-0.00338681	-0.219167
4.79	-0.00349794	-0.218479
4.8	-0.00360878	-0.217768
4.81	-0.00371931	-0.217035
4.82	-0.00382953	-0.216281
4.83	-0.00393942	-0.215504
4.84	-0.00404897	-0.214705
4.85	-0.00415817	-0.213884
4.86	-0.00426701	-0.213042
4.87	-0.00437547	-0.212177
4.88	-0.00448356	-0.211291
4.89	-0.00459125	-0.210384
4.9	-0.00469853	-0.209455
4.91	-0.0048054	-0.208504
4.92	-0.00491183	-0.207533
4.93	-0.00501784	-0.20654
4.94	-0.00512339	-0.205526
4.95	-0.00522848	-0.20449
4.96	-0.0053331	-0.203434
4.97	-0.00543725	-0.202357
4.98	-0.00554089	-0.201259
4.99	-0.00564404	-0.200141
5	-0.00574668	-0.199002
5.01	-0.00584879	-0.197842
5.02	-0.00595036	-0.196662
5.03	-0.0060514	-0.195462
5.04	-0.00615187	-0.194242
5.05	-0.00625179	-0.193001
5.06	-0.00635112	-0.191741
5.07	-0.00644987	-0.190461
5.08	-0.00654803	-0.189161
5.09	-0.00664558	-0.187842
5.1	-0.00674251	-0.186503
5.11	-0.00683882	-0.185145
5.12	-0.00693449	-0.183768
5.13	-0.00702952	-0.182371
5.14	-0.00712389	-0.180956
5.15	-0.0072176	-0.179522
5.16	-0.00731063	-0.178069
5.17	-0.00740297	-0.176597
5.18	-0.00749462	-0.175108
5.19	-0.00758557	-0.1736
5.2	-0.00767581	-0.172074
5.21	-0.00776532	-0.170529
5.22	-0.0078541	-0.168967
5.23	-0.00794213	-0.167388
5.24	-0.00802942	-0.165791
5.25	-0.00811595	-0.164176
5.26	-0.00820171	-0.162544
5.27	-0.00828669	-0.160895
5.28	-0.00837089	-0.15923
5.29	-0.00845429	-0.157547
5.3	-0.00853689	-0.155848
5.31	-0.00861867	-0.154132
5.32	-0.00869964	-0.152401
5.33	-0.00877977	-0.150653
5.34	-0.00885906	-0.148889
5.35	-0.00893751	-0.147109
5.36	-0.00901511	-0.145314
5.37	-0.00909184	-0.143503
5.38	-0.0091677	-0.141677
5.39	-0.00924268	-0.139836
5.4	-0.00931677	-0.13798
5.41	-0.00938997	-0.136109
5.42	-0.00946227	-0.134224
5.43	-0.00953366	-0.132325
5.44	-0.00960413	-0.130411
5.45	-0.00967367	-0.128483
5.46	-0.00974228	-0.126541
5.47	-0.00980995	-0.124586
5.48	-0.00987667	-0.122617
5.49	-0.00994244	-0.120636
5.5	-0.0100072	-0.118641
5.51	-0.0100711	-0.116633
5.52	-0.0101339	-0.114612
5.53	-0.0101958	-0.112579
5.54	-0.0102567	-0.110534
5.55	-0.0103166	-0.108477
5.56	-0.0103755	-0.106407
5.57	-0.0104334	-0.104326
5.58	-0.0104903	-0.102234
5.59	-0.0105461	-0.10013
5.6	-0.0106009	-0.0980157
5.61	-0.0106547	-0.0958901
5.62	-0.0107075	-0.0937538
5.63	-0.0107592	-0.0916072
5.64	-0.0108098	-0.0894502
5.65	-0.0108594	-0.0872833
5.66	-0.010908	-0.0851065
5.67	-0.0109555	-0.0829202
5.68	-0.0110019	-0.0807244
5.69	-0.0110472	-0.0785195
5.7	-0.0110914	-0.0763056
5.71	-0.0111346	-0.074083
5.72	-0.0111766	-0.0718519
5.73	-0.0112176	-0.0696124
5.74	-0.0112575	-0.0673649
5.75	-0.0112962	-0.0651095
5.76	-0.0113339	-0.0628465
5.77	-0.0113704	-0.060576
5.78	-0.0114058	-0.0582984
5.79	-0.0114401	-0.0560138
5.8	-0.0114733	-0.0537224
5.81	-0.0115053	-0.0514246
5.82	-0.0115362	-0.0491204
5.83	-0.0115659	-0.0468102
5.84	-0.0115946	-0.0444941
5.85	-0.011622	-0.0421724
5.86	-0.0116483	-0.0398454
5.87	-0.0116735	-0.0375132
5.88	-0.0116975	-0.035176
5.89	-0.0117204	-0.0328342
5.9	-0.0117421	-0.030488
5.91	-0.0117626	-0.0281375
5.92	-0.011782	-0.025783
5.93	-0.0118002	-0.0234247
5.94	-0.0118172	-0.021063
5.95	-0.0118331	-0.0186979
5.96	-0.0118477	-0.0163298
5.97	-0.0118612	-0.0139589
5.98	-0.0118736	-0.0115854
5.99	-0.0118847	-0.00920958
6	-0.0118946	-0.00683163
6.01	-0.0119034	-0.0044518
6.02	-0.011911	-0.00207034
6.03	-0.0119174	0.000312516
6.04	-0.0119226	0.00269653
6.05	-0.0119266	0.00508148
6.06	-0.0119294	0.0074671
6.07	-0.0119311	0.00985317
6.08	-0.0119315	0.0122395
6.09	-0.0119308	0.0146257
6.1	-0.0119288	0.0170117
6.11	-0.0119257	0.0193972
6.12	-0.0119213	0.0217819
6.13	-0.0119158	0.0241656
6.14	-0.0119091	0.0265481
6.15	-0.0119012	0.0289292
6.16	-0.0118921	0.0313085
6.17	-0.0118818	0.0336859
6.18	-0.0118703	0.0360611
6.19	-0.0118576	0.0384339
6.2	-0.0118437	0.0408041
6.21	-0.0118286	0.0431713
6.22	-0.0118123	0.0455355
6.23	-0.0117949	0.0478962
6.24	-0.0117762	0.0502533
6.25	-0.0117564	0.0526066
6.26	-0.0117354	0.0549558
6.27	-0.0117132	0.0573007
6.28	-0.0116898	0.059641
6.29	-0.0116652	0.0619765
6.3	-0.0116395	0.064307
6.31	-0.0116126	0.0666322
6.32	-0.0115845	0.068952
6.33	-0.0115552	0.071266
6.34	-0.0115248	0.073574
6.35	-0.0114931	0.0758758
6.36	-0.0114604	0.0781711
6.37	-0.0114264	0.0804598
6.38	-0.0113913	0.0827416
6.39	-0.0113551	0.0850163
6.4	-0.0113177	0.0872836
6.41	-0.0112791	0.0895433
6.42	-0.0112394	0.0917952
6.43	-0.0111986	0.094039
6.44	-0.0111566	0.0962745
6.45	-0.0111134	0.0985015
6.46	-0.0110692	0.10072
6.47	-0.0110238	0.102929
6.48	-0.0109773	0.105129
6.49	-0.0109296	0.10732
6.5	-0.0108809	0.109501
6.51	-0.010831	0.111672
6.52	-0.01078	0.113833
6.53	-0.010728	0.115984
6.54	-0.0106748	0.118124
6.55	-0.0106205	0.120254
6.56	-0.0105652	0.122373
6.57	-0.0105087	0.12448
6.58	-0.0104512	0.126576
6.59	-0.0103926	0.12866
6.6	-0.0103329	0.130733
6.61	-0.0102722	0.132794
6.62	-0.0102104	0.134842
6.63	-0.0101476	0.136878
6.64	-0.0100837	0.138901
6.65	-0.0100187	0.140911
6.66	-0.00995278	0.142908
6.67	-0.00988579	0.144892
6.68	-0.00981777	0.146862
6.69	-0.00974874	0.148819
6.7	-0.0096787	0.150762
6.71	-0.00960766	0.152691
6.72	-0.00953562	0.154605
6.73	-0.00946259	0.156505
6.74	-0.00938858	0.15839
6.75	-0.00931359	0.16026
6.76	-0.00923764	0.162115
6.77	-0.00916072	0.163955
6.78	-0.00908284	0.165779
6.79	-0.00900402	0.167588
6.8	-0.00892426	0.169381
6.81	-0.00884357	0.171158
6.82	-0.00876195	0.172918
6.83	-0.00867941	0.174662
6.84	-0.00859597	0.17639
6.85	-0.00851162	0.178101
6.86	-0.00842638	0.179795
6.87	-0.00834025	0.181471
6.88	-0.00825325	0.183131
6.89	-0.00816538	0.184773
6.9	-0.00807665	0.186397
6.91	-0.00798706	0.188003
6.92	-0.00789663	0.189592
6.93	-0.00780537	0.191162
6.94	-0.00771328	0.192714
6.95	-0.00762037	0.194247
6.96	-0.00752665	0.195762
6.97	-0.00743214	0.197258
6.98	-0.00733683	0.198735
6.99	-0.00724074	0.200192
7	-0.00714388	0.201631
7.01	-0.00704626	0.20305
7.02	-0.00694788	0.204449
7.03	-0.00684876	0.205829
7.04	-0.00674891	0.207189
7.05	-0.00664832	0.208528
7.06	-0.00654703	0.209848
7.07	-0.00644503	0.211147
7.08	-0.00634233	0.212426
7.09	-0.00623895	0.213684
7.1	-0.00613489	0.214921
7.11	-0.00603016	0.216138
7.12	-0.00592478	0.217333
7.13	-0.00581876	0.218508
7.14	-0.0057121	0.219661
7.15	-0.00560481	0.220793
7.16	-0.00549691	0.221903
7.17	-0.00538841	0.222991
7.18	-0.00527931	0.224058
7.19	-0.00516963	0.225103
7.2	-0.00505938	0.226126
7.21	-0.00494857	0.227127
7.22	-0.00483721	0.228105
7.23	-0.00472531	0.229062
7.24	-0.00461287	0.229995
7.25	-0.00449993	0.230907
7.26	-0.00438647	0.231795
7.27	-0.00427252	0.232661
7.28	-0.00415809	0.233504
7.29	-0.00404318	0.234324
7.3	-0.00392781	0.235122
7.31	-0.00381199	0.235896
7.32	-0.00369573	0.236646
7.33	-0.00357904	0.237374
7.34	-0.00346194	0.238078
7.35	-0.00334443	0.238759
7.36	-0.00322653	0.239416
7.37	-0.00310824	0.240049
7.38	-0.00298959	0.240659
7.39	-0.00287058	0.241245
7.4	-0.00275122	0.241807
7.41	-0.00263153	0.242345
7.42	-0.00251151	0.24286
7.43	-0.00239118	0.24335
7.44	-0.00227056	0.243816
7.45	-0.00214964	0.244258
7.46	-0.00202845	0.244676
7.47	-0.001907	0.24507
7.48	-0.00178529	0.245439
7.49	-0.00166335	0.245784
7.5	-0.00154118	0.246104
7.51	-0.00141879	0.2464
7.52	-0.0012962	0.246672
7.53	-0.00117342	0.246919
7.54	-0.00105046	0.247141
7.55	-0.00092733	0.247339
7.56	-0.00080405	0.247512
7.57	-0.000680627	0.24766
7.58	-0.000557074	0.247784
7.59	-0.000433404	0.247883
7.6	-0.000309628	0.247958
7.61	-0.00018576	0.248007
7.62	-6.1811e-05	0.248032
7.63	6.22061e-05	0.248032
7.64	0.000186279	0.248007
7.65	0.000310395	0.247957
7.66	0.000434542	0.247883
7.67	0.000558708	0.247783
7.68	0.000682881	0.247659
7.69	0.000807046	0.24751
7.7	0.000931194	0.247336
7.71	0.00105531	0.247138
7.72	0.00117938	0.246914
7.73	0.0013034	0.246666
7.74	0.00142735	0.246393
7.75	0.00155122	0.246095
7.76	0.00167499	0.245773
7.77	0.00179866	0.245425
7.78	0.00192221	0.245053
7.79	0.00204563	0.244656
7.8	0.00216891	0.244235
7.81	0.00229203	0.243789
7.82	0.00241498	0.243318
7.83	0.00253776	0.242823
7.84	0.00266034	0.242303
7.85	0.00278272	0.241759
7.86	0.00290488	0.24119
7.87	0.00302681	0.240597
7.88	0.0031485	0.239979
7.89	0.00326993	0.239337
7.9	0.0033911	0.238671
7.91	0.00351199	0.237981
7.92	0.00363259	0.237266
7.93	0.00375289	0.236528
7.94	0.00387287	0.235765
7.95	0.00399252	0.234979
7.96	0.00411183	0.234168
7.97	0.0042308	0.233334
7.98	0.00434939	0.232476
7.99	0.00446762	0.231594
8	0.00458545	0.230689
8.01	0.00470289	0.22976
8.02	0.00481991	0.228808
8.03	0.00493651	0.227832
8.04	0.00505268	0.226833
8.05	0.00516839	0.225811
8.06	0.00528365	0.224766
8.07	0.00539844	0.223698
8.08	0.00551274	0.222607
8.09	0.00562655	0.221493
8.1	0.00573986	0.220356
8.11	0.00585265	0.219197
8.12	0.0059649	0.218015
8.13	0.00607662	0.216811
8.14	0.00618779	0.215584
8.15	0.00629839	0.214336
8.16	0.00640842	0.213065
8.17	0.00651786	0.211772
8.18	0.0066267	0.210458
8.19	0.00673494	0.209122
8.2	0.00684256	0.207764
8.21	0.00694954	0.206385
8.22	0.00705589	0.204984
8.23	0.00716158	0.203563
8.24	0.00726661	0.20212
8.25	0.00737096	0.200656
8.26	0.00747463	0.199171
8.27	0.0075776	0.197666
8.28	0.00767987	0.19614
8.29	0.00778142	0.194594
8.3	0.00788224	0.193028
8.31	0.00798233	0.191441
8.32	0.00808166	0.189835
8.33	0.00818024	0.188209
8.34	0.00827805	0.186563
8.35	0.00837507	0.184898
8.36	0.00847131	0.183213
8.37	0.00856676	0.181509
8.38	0.00866139	0.179786
8.39	0.0087552	0.178045
8.4	0.00884818	0.176284
8.41	0.00894033	0.174505
8.42	0.00903162	0.172708
8.43	0.00912206	0.170893
8.44	0.00921164	0.169059
8.45	0.00930033	0.167208
8.46	0.00938814	0.165339
8.47	0.00947505	0.163453
8.48	0.00956106	0.161549
8.49	0.00964616	0.159629
8.5	0.00973033	0.157691
8.51	0.00981358	0.155737
8.52	0.00989588	0.153766
8.53	0.00997724	0.151778
8.54	0.0100576	0.149775
8.55	0.0101371	0.147755
8.56	0.0102155	0.14572
8.57	0.010293	0.143669
8.58	0.0103695	0.141603
8.59	0.010445	0.139521
8.6	0.0105194	0.137425
8.61	0.0105929	0.135314
8.62	0.0106653	0.133188
8.63	0.0107368	0.131048
8.64	0.0108071	0.128893
8.65	0.0108765	0.126725
8.66	0.0109447	0.124543
8.67	0.0110119	0.122347
8.68	0.0110781	0.120138
8.69	0.0111431	0.117916
8.7	0.0112071	0.115681
8.71	0.01127	0.113433
8.72	0.0113318	0.111173
8.73	0.0113925	0.1089
8.74	0.0114521	0.106616
8.75	0.0115106	0.10432
8.76	0.0115679	0.102012
8.77	0.0116242	0.0996926
8.78	0.0116793	0.0973622
8.79	0.0117332	0.0950209
8.8	0.011786	0.092669
8.81	0.0118377	0.0903066
8.82	0.0118882	0.087934
8.83	0.0119375	0.0855514
8.84	0.0119856	0.0831591
8.85	0.0120326	0.0807573
8.86	0.0120784	0.0783461
8.87	0.012123	0.075926
8.88	0.0121665	0.073497
8.89	0.0122087	0.0710595
8.9	0.0122497	0.0686136
8.91	0.0122896	0.0661596
8.92	0.0123282	0.0636978
8.93	0.0123656	0.0612285
8.94	0.0124018	0.0587517
8.95	0.0124367	0.0562678
8.96	0.0124705	0.0537771
8.97	0.012503	0.0512797
8.98	0.0125343	0.048776
8.99	0.0125643	0.0462661
9	0.0125931	0.0437503
9.01	0.0126206	0.0412289
9.02	0.0126469	0.0387022
9.03	0.012672	0.0361703
9.04	0.0126958	0.0336335
9.05	0.0127183	0.031092
9.06	0.0127396	0.0285462
9.07	0.0127596	0.0259963
9.08	0.0127783	0.0234425
9.09	0.0127958	0.020885
9.1	0.012812	0.0183242
9.11	0.0128269	0.0157603
9.12	0.0128406	0.0131936
9.13	0.012853	0.0106242
9.14	0.0128641	0.00805246
9.15	0.0128739	0.00547864
9.16	0.0128824	0.00290299
9.17	0.0128897	0.00032576
9.18	0.0128956	-0.00225279
9.19	0.0129003	-0.0048324
9.2	0.0129037	-0.00741283
9.21	0.0129058	-0.0099938
9.22	0.0129066	-0.0125751
9.23	0.0129061	-0.0151563
9.24	0.0129043	-0.0177374
9.25	0.0129013	-0.020318
9.26	0.0128969	-0.0228978
9.27	0.0128913	-0.0254767
9.28	0.0128843	-0.0280543
9.29	0.0128761	-0.0306303
9.3	0.0128666	-0.0332046
9.31	0.0128558	-0.0357769
9.32	0.0128437	-0.0383469
9.33	0.0128303	-0.0409143
9.34	0.0128156	-0.0434789
9.35	0.0127996	-0.0460404
9.36	0.0127823	-0.0485986
9.37	0.0127638	-0.0511533
9.38	0.0127439	-0.0537041
9.39	0.0127228	-0.0562508
9.4	0.0127004	-0.0587931
9.41	0.0126767	-0.0613308
9.42	0.0126518	-0.0638637
9.43	0.0126255	-0.0663914
9.44	0.012598	-0.0689138
9.45	0.0125692	-0.0714306
9.46	0.0125391	-0.0739414
9.47	0.0125078	-0.0764461
9.48	0.0124752	-0.0789444
9.49	0.0124413	-0.0814361
9.5	0.0124062	-0.0839209
9.51	0.0123698	-0.0863985
9.52	0.0123322	-0.0888687
9.53	0.0122933	-0.0913313
9.54	0.0122531	-0.093786
9.55	0.0122117	-0.0962325
9.56	0.0121691	-0.0986706
9.57	0.0121252	-0.1011
9.58	0.0120801	-0.103521
9.59	0.0120338	-0.105932
9.6	0.0119862	-0.108334
9.61	0.0119374	-0.110726
9.62	0.0118874	-0.113109
9.63	0.0118362	-0.115481
9.64	0.0117838	-0.117843
9.65	0.0117302	-0.120195
9.66	0.0116753	-0.122535
9.67	0.0116193	-0.124865
9.68	0.0115621	-0.127183
9.69	0.0115037	-0.12949
9.7	0.0114441	-0.131784
9.71	0.0113833	-0.134067
9.72	0.0113214	-0.136338
9.73	0.0112583	-0.138596
9.74	0.0111941	-0.140841
9.75	0.0111287	-0.143073
9.76	0.0110621	-0.145292
9.77	0.0109945	-0.147498
9.78	0.0109256	-0.14969
9.79	0.0108557	-0.151868
9.8	0.0107846	-0.154032
9.81	0.0107124	-0.156182
9.82	0.0106392	-0.158317
9.83	0.0105648	-0.160437
9.84	0.0104893	-0.162543
9.85	0.0104127	-0.164633
9.86	0.0103351	-0.166708
9.87	0.0102563	-0.168767
9.88	0.0101766	-0.17081
9.89	0.0100957	-0.172838
9.9	0.0100138	-0.174849
9.91	0.00993087	-0.176843
9.92	0.0098469	-0.178821
9.93	0.0097619	-0.180782
9.94	0.00967588	-0.182726
9.95	0.00958885	-0.184652
9.96	0.00950082	-0.186561
9.97	0.0094118	-0.188452
9.98	0.00932178	-0.190326
9.99	0.00923079	-0.192181
10	0.00913884	-0.194018
10.01	0.00904592	-0.195836
10.02	0.00895205	-0.197636
10.03	0.00885724	-0.199417
10.04	0.00876149	-0.201179
10.05	0.00866482	-0.202922
10.06	0.00856724	-0.204645
10.07	0.00846874	-0.206349
10.08	0.00836936	-0.208032
10.09	0.00826908	-0.209696
10.1	0.00816793	-0.21134
10.11	0.00806592	-0.212963
10.12	0.00796304	-0.214566
10.13	0.00785931	-0.216149
10.14	0.00775475	-0.21771
10.15	0.00764936	-0.21925
10.16	0.00754315	-0.22077
10.17	0.00743614	-0.222268
10.18	0.00732833	-0.223744
10.19	0.00721973	-0.225199
10.2	0.00711035	-0.226632
10.21	0.00700021	-0.228043
10.22	0.00688931	-0.229432
10.23	0.00677767	-0.230799
10.24	0.00666529	-0.232143
10.25	0.00655219	-0.233465
10.26	0.00643838	-0.234764
10.27	0.00632387	-0.23604
10.28	0.00620867	-0.237293
10.29	0.00609279	-0.238523
10.3	0.00597624	-0.23973
10.31	0.00585904	-0.240914
10.32	0.00574119	-0.242074
10.33	0.00562271	-0.24321
10.34	0.00550361	-0.244323
10.35	0.0053839	-0.245412
10.36	0.00526359	-0.246476
10.37	0.00514269	-0.247517
10.38	0.00502121	-0.248533
10.39	0.00489918	-0.249526
10.4	0.00477659	-0.250493
10.41	0.00465347	-0.251436
10.42	0.00452981	-0.252354
10.43	0.00440565	-0.253248
10.44	0.00428097	-0.254117
10.45	0.00415581	-0.25496
10.46	0.00403017	-0.255779
10.47	0.00390407	-0.256572
10.48	0.00377751	-0.257341
10.49	0.00365051	-0.258083
10.5	0.00352308	-0.258801
10.51	0.00339524	-0.259493
10.52	0.00326699	-0.260159
10.53	0.00313835	-0.260799
10.54	0.00300933	-0.261414
10.55	0.00287995	-0.262003
10.56	0.00275021	-0.262566
10.57	0.00262014	-0.263103
10.58	0.00248973	-0.263614
10.59	0.00235902	-0.264099
10.6	0.002228	-0.264558
10.61	0.00209669	-0.26499
10.62	0.00196511	-0.265396
10.63	0.00183326	-0.265776
10.64	0.00170117	-0.26613
10.65	0.00156884	-0.266457
10.66	0.00143629	-0.266757
10.67	0.00130352	-0.267031
10.68	0.00117056	-0.267279
10.69	0.00103742	-0.267499
10.7	0.000904106	-0.267694
10.71	0.000770635	-0.267861
10.72	0.00063702	-0.268002
10.73	0.000503275	-0.268116
10.74	0.000369412	-0.268203
10.75	0.000235445	-0.268264
10.76	0.000101388	-0.268297
10.77	-3.27461e-05	-0.268304
10.78	-0.000166944	-0.268284
10.79	-0.000301193	-0.268237
10.8	-0.000435478	-0.268164
10.81	-0.000569787	-0.268063
10.82	-0.000704107	-0.267936
10.83	-0.000838423	-0.267782
10.84	-0.000972722	-0.2676
10.85	-0.00110699	-0.267392
10.86	-0.00124122	-0.267158
10.87	-0.00137539	-0.266896
10.88	-0.00150948	-0.266607
10.89	-0.0016435	-0.266292
10.9	-0.00177742	-0.26595
10.91	-0.00191122	-0.265581
10.92	-0.0020449	-0.265186
10.93	-0.00217845	-0.264763
10.94	-0.00231184	-0.264314
10.95	-0.00244507	-0.263839
10.96	-0.00257812	-0.263336
10.97	-0.00271098	-0.262807
10.98	-0.00284363	-0.262252
10.99	-0.00297607	-0.26167
11	-0.00310827	-0.261061
11.01	-0.00324023	-0.260427
11.02	-0.00337194	-0.259765
11.03	-0.00350337	-0.259078
11.04	-0.00363451	-0.258364
11.05	-0.00376536	-0.257624
11.06	-0.0038959	-0.256858
11.07	-0.00402611	-0.256066
11.08	-0.00415599	-0.255247
11.09	-0.00428551	-0.254403
11.1	-0.00441467	-0.253533
11.11	-0.00454345	-0.252637
11.12	-0.00467185	-0.251716
11.13	-0.00479984	-0.250769
11.14	-0.00492741	-0.249796
11.15	-0.00505456	-0.248798
11.16	-0.00518126	-0.247774
11.17	-0.00530751	-0.246725
11.18	-0.00543329	-0.245651
11.19	-0.00555859	-0.244552
11.2	-0.00568339	-0.243428
11.21	-0.00580769	-0.242279
11.22	-0.00593148	-0.241105
11.23	-0.00605473	-0.239906
11.24	-0.00617743	-0.238683
11.25	-0.00629958	-0.237435
11.26	-0.00642116	-0.236163
11.27	-0.00654216	-0.234867
11.28	-0.00666257	-0.233546
11.29	-0.00678237	-0.232202
11.3	-0.00690155	-0.230833
11.31	-0.0070201	-0.229441
11.32	-0.007138	-0.228025
11.33	-0.00725526	-0.226586
11.34	-0.00737184	-0.225123
11.35	-0.00748775	-0.223637
11.36	-0.00760296	-0.222128
11.37	-0.00771747	-0.220596
11.38	-0.00783127	-0.219041
11.39	-0.00794434	-0.217464
11.4	-0.00805667	-0.215864
11.41	-0.00816826	-0.214241
11.42	-0.00827908	-0.212596
11.43	-0.00838913	-0.21093
11.44	-0.00849839	-0.209241
11.45	-0.00860686	-0.20753
11.46	-0.00871453	-0.205798
11.47	-0.00882137	-0.204045
11.48	-0.00892739	-0.20227
11.49	-0.00903256	-0.200474
11.5	-0.00913689	-0.198657
11.51	-0.00924035	-0.196819
11.52	-0.00934294	-0.194961
11.53	-0.00944465	-0.193082
11.54	-0.00954547	-0.191183
11.55	-0.00964538	-0.189264
11.56	-0.00974437	-0.187325
11.57	-0.00984244	-0.185366
11.58	-0.00993958	-0.183388
11.59	-0.0100358	-0.18139
11.6	-0.010131	-0.179374
11.61	-0.0102253	-0.177338
11.62	-0.0103186	-0.175284
11.63	-0.0104109	-0.173211
11.64	-0.0105022	-0.171119
11.65	-0.0105925	-0.16901
11.66	-0.0106818	-0.166882
11.67	-0.01077	-0.164737
11.68	-0.0108573	-0.162574
11.69	-0.0109435	-0.160394
11.7	-0.0110286	-0.158197
11.71	-0.0111127	-0.155983
11.72	-0.0111957	-0.153752
11.73	-0.0112776	-0.151505
11.74	-0.0113585	-0.149241
11.75	-0.0114382	-0.146961
11.76	-0.0115169	-0.144666
11.77	-0.0115944	-0.142355
11.78	-0.0116708	-0.140028
11.79	-0.0117461	-0.137686
11.8	-0.0118202	-0.13533
11.81	-0.0118932	-0.132958
11.82	-0.0119651	-0.130573
11.83	-0.0120358	-0.128172
11.84	-0.0121053	-0.125758
11.85	-0.0121736	-0.12333
11.86	-0.0122408	-0.120889
11.87	-0.0123068	-0.118434
11.88	-0.0123715	-0.115966
11.89	-0.0124351	-0.113486
11.9	-0.0124974	-0.110992
11.91	-0.0125586	-0.108487
11.92	-0.0126185	-0.105969
11.93	-0.0126772	-0.103439
11.94	-0.0127346	-0.100898
11.95	-0.0127908	-0.0983457
11.96	-0.0128457	-0.095782
11.97	-0.0128994	-0.0932075
11.98	-0.0129518	-0.0906223
11.99	-0.013003	-0.0880268
12	-0.0130529	-0.0854212
12.01	-0.0131015	-0.0828058
12.02	-0.0131488	-0.0801807
12.03	-0.0131948	-0.0775463
12.04	-0.0132395	-0.0749029
12.05	-0.0132829	-0.0722506
12.06	-0.013325	-0.0695898
12.07	-0.0133658	-0.0669207
12.08	-0.0134053	-0.0642436
12.09	-0.0134435	-0.0615587
12.1	-0.0134803	-0.0588663
12.11	-0.0135158	-0.0561666
12.12	-0.01355	-0.05346
12.13	-0.0135828	-0.0507467
12.14	-0.0136143	-0.048027
12.15	-0.0136445	-0.0453011
12.16	-0.0136733	-0.0425693
12.17	-0.0137007	-0.0398319
12.18	-0.0137268	-0.0370891
12.19	-0.0137515	-0.0343412
12.2	-0.0137749	-0.0315886
12.21	-0.0137969	-0.0288314
12.22	-0.0138175	-0.0260699
12.23	-0.0138368	-0.0233045
12.24	-0.0138546	-0.0205353
12.25	-0.0138711	-0.0177627
12.26	-0.0138863	-0.0149869
12.27	-0.0139	-0.0122083
12.28	-0.0139124	-0.00942703
12.29	-0.0139234	-0.00664343
12.3	-0.0139329	-0.00385778
12.31	-0.0139411	-0.00107035
12.32	-0.0139479	0.00171858
12.33	-0.0139534	0.00450874
12.34	-0.0139574	0.00729984
12.35	-0.01396	0.0100916
12.36	-0.0139613	0.0128838
12.37	-0.0139611	0.015676
12.38	-0.0139595	0.0184681
12.39	-0.0139566	0.0212597
12.4	-0.0139522	0.0240506
12.41	-0.0139465	0.0268405
12.42	-0.0139393	0.0296291
12.43	-0.0139308	0.0324162
12.44	-0.0139208	0.0352014
12.45	-0.0139095	0.0379844
12.46	-0.0138968	0.0407651
12.47	-0.0138826	0.043543
12.48	-0.0138671	0.046318
12.49	-0.0138502	0.0490898
12.5	-0.0138319	0.051858
12.51	-0.0138122	0.0546224
12.52	-0.0137911	0.0573828
12.53	-0.0137686	0.0601388
12.54	-0.0137447	0.0628901
12.55	-0.0137194	0.0656365
12.56	-0.0136928	0.0683778
12.57	-0.0136647	0.0711136
12.58	-0.0136353	0.0738436
12.59	-0.0136045	0.0765676
12.6	-0.0135723	0.0792853
12.61	-0.0135388	0.0819964
12.62	-0.0135039	0.0847007
12.63	-0.0134676	0.0873979
12.64	-0.01343	0.0900877
12.65	-0.0133909	0.0927698
12.66	-0.0133506	0.095444
12.67	-0.0133088	0.0981099
12.68	-0.0132658	0.100767
12.69	-0.0132213	0.103416
12.7	-0.0131756	0.106056
12.71	-0.0131285	0.108686
12.72	-0.01308	0.111307
12.73	-0.0130302	0.113918
12.74	-0.0129791	0.116519
12.75	-0.0129267	0.11911
12.76	-0.0128729	0.12169
12.77	-0.0128179	0.124259
12.78	-0.0127615	0.126817
12.79	-0.0127038	0.129363
12.8	-0.0126448	0.131898
12.81	-0.0125846	0.134421
12.82	-0.012523	0.136932
12.83	-0.0124602	0.13943
12.84	-0.012396	0.141916
12.85	-0.0123306	0.144389
12.86	-0.012264	0.146848
12.87	-0.0121961	0.149294
12.88	-0.0121269	0.151726
12.89	-0.0120565	0.154145
12.9	-0.0119848	0.156549
12.91	-0.0119119	0.158939
12.92	-0.0118378	0.161314
12.93	-0.0117624	0.163674
12.94	-0.0116859	0.166019
12.95	-0.0116081	0.168348
12.96	-0.0115291	0.170662
12.97	-0.011449	0.17296
12.98	-0.0113676	0.175241
12.99	-0.0112851	0.177506
13	-0.0112014	0.179755
13.01	-0.0111165	0.181987
13.02	-0.0110305	0.184202
13.03	-0.0109434	0.186399
13.04	-0.0108551	0.188579
13.05	-0.0107656	0.190741
13.06	-0.0106751	0.192885
13.07	-0.0105834	0.195011
13.08	-0.0104907	0.197118
13.09	-0.0103968	0.199207
13.1	-0.0103019	0.201277
13.11	-0.0102058	0.203328
13.12	-0.0101087	0.205359
13.13	-0.0100106	0.207371
13.14	-0.00991138	0.209364
13.15	-0.00981113	0.211336
13.16	-0.00970985	0.213288
13.17	-0.00960756	0.21522
13.18	-0.00950424	0.217131
13.19	-0.00939993	0.219021
13.2	-0.00929463	0.220891
13.21	-0.00918834	0.222739
13.22	-0.00908108	0.224566
13.23	-0.00897286	0.226371
13.24	-0.00886368	0.228155
13.25	-0.00875357	0.229917
13.26	-0.00864252	0.231656
13.27	-0.00853056	0.233374
13.28	-0.00841768	0.235069
13.29	-0.00830391	0.236741
13.3	-0.00818925	0.23839
13.31	-0.00807371	0.240016
13.32	-0.00795731	0.24162
13.33	-0.00784005	0.243199
13.34	-0.00772195	0.244756
13.35	-0.00760302	0.246288
13.36	-0.00748327	0.247797
13.37	-0.00736271	0.249281
13.38	-0.00724135	0.250742
13.39	-0.00711921	0.252178
13.4	-0.0069963	0.253589
13.41	-0.00687262	0.254976
13.42	-0.0067482	0.256338
13.43	-0.00662304	0.257675
13.44	-0.00649715	0.258988
13.45	-0.00637055	0.260274
13.46	-0.00624325	0.261536
13.47	-0.00611526	0.262772
13.48	-0.0059866	0.263982
13.49	-0.00585727	0.265166
13.5	-0.00572729	0.266325
13.51	-0.00559668	0.267457
13.52	-0.00546544	0.268563
13.53	-0.00533358	0.269643
13.54	-0.00520113	0.270697
13.55	-0.00506809	0.271724
13.56	-0.00493448	0.272724
13.57	-0.00480031	0.273697
13.58	-0.00466559	0.274644
13.59	-0.00453033	0.275564
13.6	-0.00439456	0.276456
13.61	-0.00425828	0.277321
13.62	-0.0041215	0.278159
13.63	-0.00398424	0.27897
13.64	-0.00384652	0.279753
13.65	-0.00370834	0.280508
13.66	-0.00356972	0.281236
13.67	-0.00343068	0.281936
13.68	-0.00329122	0.282609
13.69	-0.00315137	0.283253
13.7	-0.00301113	0.283869
13.71	-0.00287051	0.284457
13.72	-0.00272954	0.285017
13.73	-0.00258823	0.285549
13.74	-0.00244659	0.286052
13.75	-0.00230463	0.286528
13.76	-0.00216237	0.286974
13.77	-0.00201982	0.287393
13.78	-0.001877	0.287782
13.79	-0.00173392	0.288143
13.8	-0.0015906	0.288476
13.81	-0.00144704	0.28878
13.82	-0.00130327	0.289055
13.83	-0.00115929	0.289301
13.84	-0.00101513	0.289518
13.85	-0.000870796	0.289707
13.86	-0.000726301	0.289867
13.87	-0.000581661	0.289997
13.88	-0.00043689	0.290099
13.89	-0.000292003	0.290172
13.9	-0.000147015	0.290216
13.91	-1.93902e-06	0.290231
13.92	0.000143209	0.290217
13.93	0.000288416	0.290174
13.94	0.000433667	0.290101
13.95	0.000578946	0.29
13.96	0.000724241	0.28987
13.97	0.000869536	0.28971
13.98	0.00101482	0.289522
13.99	0.00116007	0.289305
14	0.00130528	0.289058
14.01	0.00145043	0.288782
14.02	0.0015955	0.288478
14.03	0.00174049	0.288144
14.04	0.00188538	0.287782
14.05	0.00203016	0.28739
14.06	0.0021748	0.28697
14.07	0.0023193	0.28652
14.08	0.00246363	0.286042
14.09	0.0026078	0.285535
14.1	0.00275177	0.284999
14.11	0.00289554	0.284434
14.12	0.0030391	0.283841
14.13	0.00318242	0.283218
14.14	0.00332549	0.282568
14.15	0.00346831	0.281888
14.16	0.00361084	0.28118
14.17	0.00375309	0.280444
14.18	0.00389504	0.279679
14.19	0.00403666	0.278886
14.2	0.00417795	0.278064
14.21	0.0043189	0.277215
14.22	0.00445948	0.276337
14.23	0.00459969	0.275431
14.24	0.00473951	0.274497
14.25	0.00487892	0.273535
14.26	0.00501792	0.272546
14.27	0.00515648	0.271528
14.28	0.0052946	0.270483
14.29	0.00543225	0.26941
14.3	0.00556944	0.26831
14.31	0.00570613	0.267183
14.32	0.00584232	0.266028
14.33	0.00597799	0.264846
14.34	0.00611314	0.263637
14.35	0.00624774	0.2624
14.36	0.00638178	0.261137
14.37	0.00651525	0.259848
14.38	0.00664814	0.258531
14.39	0.00678043	0.257189
14.4	0.0069121	0.255819
14.41	0.00704315	0.254424
14.42	0.00717357	0.253002
14.43	0.00730333	0.251554
14.44	0.00743242	0.250081
14.45	0.00756083	0.248581
14.46	0.00768856	0.247057
14.47	0.00781557	0.245506
14.48	0.00794187	0.24393
14.49	0.00806744	0.242329
14.5	0.00819227	0.240703
14.51	0.00831633	0.239053
14.52	0.00843963	0.237377
14.53	0.00856214	0.235677
14.54	0.00868386	0.233952
14.55	0.00880478	0.232203
14.56	0.00892487	0.23043
14.57	0.00904413	0.228633
14.58	0.00916254	0.226813
14.59	0.0092801	0.224968
14.6	0.00939678	0.223101
14.61	0.00951259	0.22121
14.62	0.0096275	0.219296
14.63	0.00974151	0.217359
14.64	0.0098546	0.215399
14.65	0.00996676	0.213417
14.66	0.010078	0.211413
14.67	0.0101882	0.209386
14.68	0.0102975	0.207337
14.69	0.0104059	0.205267
14.7	0.0105132	0.203175
14.71	0.0106196	0.201062
14.72	0.0107249	0.198927
14.73	0.0108292	0.196772
14.74	0.0109325	0.194596
14.75	0.0110347	0.192399
14.76	0.0111359	0.190182
14.77	0.011236	0.187945
14.78	0.0113351	0.185687
14.79	0.0114331	0.183411
14.8	0.0115299	0.181114
14.81	0.0116257	0.178799
14.82	0.0117203	0.176464
14.83	0.0118139	0.174111
14.84	0.0119063	0.171739
14.85	0.0119975	0.169348
14.86	0.0120876	0.16694
14.87	0.0121765	0.164513
14.88	0.0122643	0.162069
14.89	0.0123509	0.159608
14.9	0.0124362	0.157129
14.91	0.0125204	0.154633
14.92	0.0126034	0.152121
14.93	0.0126851	0.149592
14.94	0.0127657	0.147047
14.95	0.012845	0.144486
14.96	0.012923	0.141909
14.97	0.0129998	0.139317
14.98	0.0130753	0.136709
14.99	0.0131496	0.134087
15	0.0132225	0.131449
15.01	0.0132942	0.128798
15.02	0.0133646	0.126132
15.03	0.0134337	0.123452
15.04	0.0135015	0.120758
15.05	0.013568	0.118051
15.06	0.0136331	0.115331
15.07	0.0136969	0.112598
15.08	0.0137594	0.109853
15.09	0.0138205	0.107095
15.1	0.0138803	0.104324
15.11	0.0139387	0.101543
15.12	0.0139958	0.0987491
15.13	0.0140515	0.0959443
15.14	0.0141058	0.0931286
15.15	0.0141587	0.0903021
15.16	0.0142102	0.0874652
15.17	0.0142604	0.0846181
15.18	0.0143091	0.0817611
15.19	0.0143564	0.0788945
15.2	0.0144024	0.0760186
15.21	0.0144469	0.0731337
15.22	0.0144899	0.07024
15.23	0.0145316	0.0673378
15.24	0.0145718	0.0644275
15.25	0.0146106	0.0615092
15.26	0.0146479	0.0585833
15.27	0.0146838	0.0556501
15.28	0.0147182	0.0527099
15.29	0.0147512	0.0497629
15.3	0.0147828	0.0468095
15.31	0.0148128	0.0438499
15.32	0.0148414	0.0408845
15.33	0.0148685	0.0379134
15.34	0.0148942	0.0349371
15.35	0.0149184	0.0319559
15.36	0.0149411	0.0289699
15.37	0.0149623	0.0259795
15.38	0.014982	0.0229851
15.39	0.0150002	0.0199868
15.4	0.015017	0.0169851
15.41	0.0150322	0.0139801
15.42	0.015046	0.0109723
15.43	0.0150582	0.00796185
15.44	0.015069	0.0049491
15.45	0.0150783	0.00193435
15.46	0.015086	-0.00108211
15.47	0.0150923	-0.00409996
15.48	0.015097	-0.00711891
15.49	0.0151002	-0.0101387
15.5	0.015102	-0.0131589
15.51	0.0151022	-0.0161793
15.52	0.0151009	-0.0191997
15.53	0.0150981	-0.0222196
15.54	0.0150938	-0.0252388
15.55	0.0150879	-0.028257
15.56	0.0150806	-0.0312739
15.57	0.0150717	-0.0342891
15.58	0.0150614	-0.0373025
15.59	0.0150495	-0.0403136
15.6	0.0150361	-0.0433222
15.61	0.0150212	-0.0463279
15.62	0.0150048	-0.0493305
15.63	0.0149869	-0.0523297
15.64	0.0149674	-0.0553252
15.65	0.0149465	-0.0583166
15.66	0.0149241	-0.0613037
15.67	0.0149001	-0.0642861
15.68	0.0148747	-0.0672636
15.69	0.0148477	-0.0702359
15.7	0.0148193	-0.0732026
15.71	0.0147893	-0.0761635
15.72	0.0147579	-0.0791183
15.73	0.014725	-0.0820666
15.74	0.0146906	-0.0850082
15.75	0.0146547	-0.0879427
15.76	0.0146173	-0.0908699
15.77	0.0145784	-0.0937895
15.78	0.0145381	-0.0967012
15.79	0.0144962	-0.0996046
15.8	0.014453	-0.1025
15.81	0.0144082	-0.105386
15.82	0.014362	-0.108263
15.83	0.0143143	-0.11113
15.84	0.0142652	-0.113988
15.85	0.0142146	-0.116836
15.86	0.0141625	-0.119674
15.87	0.0141091	-0.122501
15.88	0.0140541	-0.125318
15.89	0.0139978	-0.128123
15.9	0.01394	-0.130917
15.91	0.0138808	-0.133699
15.92	0.0138202	-0.136469
15.93	0.0137582	-0.139227
15.94	0.0136947	-0.141972
15.95	0.0136299	-0.144705
15.96	0.0135636	-0.147424
15.97	0.013496	-0.15013
15.98	0.013427	-0.152822
15.99	0.0133566	-0.155501
16	0.0132849	-0.158165
16.01	0.0132117	-0.160814
16.02	0.0131373	-0.163449
16.03	0.0130614	-0.166069
16.04	0.0129843	-0.168674
16.05	0.0129057	-0.171263
16.06	0.0128259	-0.173836
16.07	0.0127447	-0.176393
16.08	0.0126623	-0.178934
16.09	0.0125785	-0.181458
16.1	0.0124934	-0.183965
16.11	0.012407	-0.186455
16.12	0.0123193	-0.188928
16.13	0.0122304	-0.191383
16.14	0.0121402	-0.19382
16.15	0.0120487	-0.196239
16.16	0.011956	-0.198639
16.17	0.011862	-0.201021
16.18	0.0117668	-0.203384
16.19	0.0116704	-0.205728
16.2	0.0115728	-0.208052
16.21	0.0114739	-0.210357
16.22	0.0113739	-0.212642
16.23	0.0112727	-0.214906
16.24	0.0111703	-0.217151
16.25	0.0110667	-0.219374
16.26	0.010962	-0.221577
16.27	0.0108561	-0.223759
16.28	0.0107491	-0.22592
16.29	0.0106409	-0.228059
16.3	0.0105316	-0.230176
16.31	0.0104213	-0.232271
16.32	0.0103098	-0.234344
16.33	0.0101972	-0.236395
16.34	0.0100836	-0.238423
16.35	0.00996889	-0.240428
16.36	0.00985314	-0.242411
16.37	0.00973634	-0.24437
16.38	0.00961851	-0.246305
16.39	0.00949966	-0.248217
16.4	0.00937979	-0.250105
16.41	0.00925893	-0.251969
16.42	0.00913709	-0.253808
16.43	0.00901427	-0.255624
16.44	0.00889048	-0.257414
16.45	0.00876575	-0.25918
16.46	0.00864007	-0.26092
16.47	0.00851347	-0.262636
16.48	0.00838595	-0.264326
16.49	0.00825753	-0.26599
16.5	0.00812822	-0.267629
16.51	0.00799804	-0.269241
16.52	0.00786698	-0.270828
16.53	0.00773508	-0.272388
16.54	0.00760233	-0.273922
16.55	0.00746876	-0.275429
16.56	0.00733438	-0.276909
16.57	0.00719919	-0.278363
16.58	0.00706322	-0.279789
16.59	0.00692647	-0.281188
16.6	0.00678896	-0.282559
16.61	0.0066507	-0.283903
16.62	0.00651171	-0.28522
16.63	0.006372	-0.286508
16.64	0.00623158	-0.287768
16.65	0.00609047	-0.289001
16.66	0.00594868	-0.290204
16.67	0.00580622	-0.29138
16.68	0.00566311	-0.292527
16.69	0.00551936	-0.293645
16.7	0.00537499	-0.294735
16.71	0.00523	-0.295795
16.72	0.00508442	-0.296827
16.73	0.00493827	-0.297829
16.74	0.00479154	-0.298802
16.75	0.00464426	-0.299745
16.76	0.00449644	-0.30066
16.77	0.0043481	-0.301544
16.78	0.00419925	-0.302399
16.79	0.00404991	-0.303224
16.8	0.00390008	-0.304019
16.81	0.00374979	-0.304784
16.82	0.00359905	-0.305519
16.83	0.00344788	-0.306223
16.84	0.00329628	-0.306898
16.85	0.00314428	-0.307542
16.86	0.00299189	-0.308155
16.87	0.00283912	-0.308738
16.88	0.002686	-0.309291
16.89	0.00253252	-0.309813
16.9	0.00237872	-0.310304
16.91	0.0022246	-0.310764
16.92	0.00207019	-0.311194
16.93	0.00191548	-0.311592
16.94	0.00176051	-0.31196
16.95	0.00160529	-0.312297
16.96	0.00144983	-0.312602
16.97	0.00129414	-0.312876
16.98	0.00113825	-0.31312
16.99	0.000982167	-0.313332
17	0.000825907	-0.313513
17.01	0.000669486	-0.313662
17.02	0.000512919	-0.31378
17.03	0.000356224	-0.313867
17.04	0.000199414	-0.313923
17.05	4.25053e-05	-0.313947
17.06	-0.000114486	-0.31394
17.07	-0.000271544	-0.313901
17.08	-0.000428653	-0.313831
17.09	-0.000585798	-0.31373
17.1	-0.000742964	-0.313597
17.11	-0.000900133	-0.313433
17.12	-0.00105729	-0.313237
17.13	-0.00121442	-0.31301
17.14	-0.00137151	-0.312751
17.15	-0.00152854	-0.312461
17.16	-0.00168549	-0.31214
17.17	-0.00184236	-0.311787
17.18	-0.00199912	-0.311403
17.19	-0.00215576	-0.310987
17.2	-0.00231226	-0.31054
17.21	-0.0024686	-0.310062
17.22	-0.00262478	-0.309553
17.23	-0.00278078	-0.309012
17.24	-0.00293657	-0.308441
17.25	-0.00309215	-0.307838
17.26	-0.00324749	-0.307204
17.27	-0.00340259	-0.306539
17.28	-0.00355743	-0.305843
17.29	-0.00371199	-0.305116
17.3	-0.00386625	-0.304358
17.31	-0.00402021	-0.303569
17.32	-0.00417384	-0.30275
17.33	-0.00432713	-0.3019
17.34	-0.00448006	-0.301019
17.35	-0.00463262	-0.300108
17.36	-0.00478479	-0.299166
17.37	-0.00493657	-0.298194
17.38	-0.00508792	-0.297192
17.39	-0.00523884	-0.296159
17.4	-0.00538931	-0.295096
17.41	-0.00553932	-0.294003
17.42	-0.00568885	-0.29288
17.43	-0.00583788	-0.291728
17.44	-0.00598641	-0.290545
17.45	-0.00613441	-0.289333
17.46	-0.00628187	-0.288091
17.47	-0.00642878	-0.28682
17.48	-0.00657512	-0.28552
17.49	-0.00672087	-0.28419
17.5	-0.00686602	-0.282832
17.51	-0.00701056	-0.281444
17.52	-0.00715447	-0.280028
17.53	-0.00729774	-0.278582
17.54	-0.00744035	-0.277108
17.55	-0.00758228	-0.275606
17.56	-0.00772353	-0.274076
17.57	-0.00786408	-0.272517
17.58	-0.00800391	-0.27093
17.59	-0.008143	-0.269315
17.6	-0.00828136	-0.267673
17.61	-0.00841895	-0.266003
17.62	-0.00855577	-0.264305
17.63	-0.00869181	-0.262581
17.64	-0.00882704	-0.260829
17.65	-0.00896146	-0.25905
17.66	-0.00909505	-0.257244
17.67	-0.00922779	-0.255412
17.68	-0.00935968	-0.253553
17.69	-0.0094907	-0.251668
17.7	-0.00962084	-0.249757
17.71	-0.00975007	-0.24782
17.72	-0.0098784	-0.245857
17.73	-0.0100058	-0.243868
17.74	-0.0101323	-0.241855
17.75	-0.0102578	-0.239816
17.76	-0.0103823	-0.237752
17.77	-0.0105059	-0.235663
17.78	-0.0106285	-0.233549
17.79	-0.0107501	-0.231411
17.8	-0.0108707	-0.229249
17.81	-0.0109902	-0.227063
17.82	-0.0111087	-0.224853
17.83	-0.0112262	-0.22262
17.84	-0.0113425	-0.220363
17.85	-0.0114579	-0.218083
17.86	-0.0115721	-0.21578
17.87	-0.0116852	-0.213454
17.88	-0.0117972	-0.211106
17.89	-0.0119081	-0.208735
17.9	-0.0120179	-0.206343
17.91	-0.0121265	-0.203928
17.92	-0.0122339	-0.201492
17.93	-0.0123402	-0.199035
17.94	-0.0124453	-0.196556
17.95	-0.0125492	-0.194057
17.96	-0.0126519	-0.191537
17.97	-0.0127534	-0.188996
17.98	-0.0128536	-0.186435
17.99	-0.0129526	-0.183855
18	-0.0130504	-0.181254
18.01	-0.0131469	-0.178635
18.02	-0.0132422	-0.175996
18.03	-0.0133362	-0.173338
18.04	-0.0134289	-0.170661
18.05	-0.0135203	-0.167966
18.06	-0.0136103	-0.165253
18.07	-0.0136991	-0.162522
18.08	-0.0137866	-0.159774
18.09	-0.0138727	-0.157008
18.1	-0.0139574	-0.154225
18.11	-0.0140408	-0.151425
18.12	-0.0141229	-0.148609
18.13	-0.0142036	-0.145776
18.14	-0.0142829	-0.142927
18.15	-0.0143608	-0.140063
18.16	-0.0144373	-0.137183
18.17	-0.0145124	-0.134288
18.18	-0.0145861	-0.131378
18.19	-0.0146583	-0.128454
18.2	-0.0147292	-0.125515
18.21	-0.0147986	-0.122562
18.22	-0.0148665	-0.119596
18.23	-0.014933	-0.116616
18.24	-0.0149981	-0.113622
18.25	-0.0150617	-0.110616
18.26	-0.0151238	-0.107598
18.27	-0.0151844	-0.104567
18.28	-0.0152435	-0.101524
18.29	-0.0153011	-0.0984697
18.3	-0.0153573	-0.0954038
18.31	-0.0154119	-0.0923269
18.32	-0.015465	-0.0892392
18.33	-0.0155166	-0.086141
18.34	-0.0155666	-0.0830326
18.35	-0.0156152	-0.0799144
18.36	-0.0156622	-0.0767867
18.37	-0.0157076	-0.0736497
18.38	-0.0157515	-0.0705037
18.39	-0.0157939	-0.0673492
18.4	-0.0158347	-0.0641863
18.41	-0.0158739	-0.0610154
18.42	-0.0159115	-0.0578368
18.43	-0.0159476	-0.0546509
18.44	-0.0159821	-0.0514579
18.45	-0.0160151	-0.0482581
18.46	-0.0160464	-0.045052
18.47	-0.0160762	-0.0418397
18.48	-0.0161043	-0.0386216
18.49	-0.0161309	-0.0353981
18.5	-0.0161558	-0.0321694
18.51	-0.0161792	-0.0289358
18.52	-0.016201	-0.0256978
18.53	-0.0162211	-0.0224556
18.54	-0.0162396	-0.0192095
18.55	-0.0162565	-0.0159598
18.56	-0.0162718	-0.012707
18.57	-0.0162855	-0.00945119
18.58	-0.0162976	-0.00619286
18.59	-0.016308	-0.00293228
18.6	-0.0163168	0.000330232
18.61	-0.016324	0.00359434
18.62	-0.0163295	0.00685971
18.63	-0.0163334	0.010126
18.64	-0.0163357	0.013393
18.65	-0.0163364	0.0166602
18.66	-0.0163354	0.0199274
18.67	-0.0163328	0.0231943
18.68	-0.0163285	0.0264604
18.69	-0.0163226	0.0297256
18.7	-0.0163151	0.0329894
18.71	-0.016306	0.0362515
18.72	-0.0162952	0.0395117
18.73	-0.0162827	0.0427695
18.74	-0.0162687	0.0460246
18.75	-0.016253	0.0492768
18.76	-0.0162357	0.0525257
18.77	-0.0162167	0.055771
18.78	-0.0161961	0.0590123
18.79	-0.0161739	0.0622493
18.8	-0.01615	0.0654817
18.81	-0.0161245	0.0687092
18.82	-0.0160974	0.0719315
18.83	-0.0160687	0.0751481
18.84	-0.0160383	0.0783588
18.85	-0.0160064	0.0815633
18.86	-0.0159728	0.0847613
18.87	-0.0159376	0.0879523
18.88	-0.0159008	0.0911362
18.89	-0.0158623	0.0943125
18.9	-0.0158223	0.097481
18.91	-0.0157807	0.100641
18.92	-0.0157375	0.103793
18.93	-0.0156926	0.106936
18.94	-0.0156462	0.11007
18.95	-0.0155982	0.113195
18.96	-0.0155486	0.116309
18.97	-0.0154974	0.119414
18.98	-0.0154447	0.122508
18.99	-0.0153904	0.125592
19	-0.0153345	0.128664
19.01	-0.015277	0.131725
19.02	-0.015218	0.134775
19.03	-0.0151575	0.137813
19.04	-0.0150954	0.140838
19.05	-0.0150317	0.143851
19.06	-0.0149666	0.14685
19.07	-0.0148999	0.149837
19.08	-0.0148316	0.15281
19.09	-0.0147619	0.15577
19.1	-0.0146906	0.158715
19.11	-0.0146178	0.161646
19.12	-0.0145436	0.164562
19.13	-0.0144678	0.167463
19.14	-0.0143906	0.170349
19.15	-0.0143119	0.173219
19.16	-0.0142317	0.176074
19.17	-0.01415	0.178912
19.18	-0.0140669	0.181734
19.19	-0.0139824	0.184538
19.2	-0.0138964	0.187326
19.21	-0.0138089	0.190097
19.22	-0.0137201	0.19285
19.23	-0.0136298	0.195585
19.24	-0.0135381	0.198302
19.25	-0.013445	0.201
19.26	-0.0133506	0.20368
19.27	-0.0132547	0.20634
19.28	-0.0131575	0.208981
19.29	-0.0130589	0.211603
19.3	-0.0129589	0.214205
19.31	-0.0128576	0.216787
19.32	-0.012755	0.219348
19.33	-0.012651	0.221888
19.34	-0.0125458	0.224408
19.35	-0.0124392	0.226907
19.36	-0.0123313	0.229384
19.37	-0.0122221	0.231839
19.38	-0.0121117	0.234273
19.39	-0.012	0.236684
19.4	-0.011887	0.239072
19.41	-0.0117728	0.241438
19.42	-0.0116573	0.243781
19.43	-0.0115407	0.246101
19.44	-0.0114228	0.248398
19.45	-0.0113037	0.25067
19.46	-0.0111834	0.252919
19.47	-0.011062	0.255144
19.48	-0.0109393	0.257344
19.49	-0.0108156	0.259519
19.5	-0.0106906	0.26167
19.51	-0.0105646	0.263795
19.52	-0.0104374	0.265896
19.53	-0.0103091	0.26797
19.54	-0.0101798	0.270019
19.55	-0.0100493	0.272042
19.56	-0.00991777	0.274039
19.57	-0.00978518	0.276009
19.58	-0.00965154	0.277953
19.59	-0.00951688	0.27987
19.6	-0.0093812	0.28176
19.61	-0.00924451	0.283622
19.62	-0.00910682	0.285457
19.63	-0.00896816	0.287265
19.64	-0.00882853	0.289045
19.65	-0.00868795	0.290796
19.66	-0.00854642	0.29252
19.67	-0.00840398	0.294215
19.68	-0.00826062	0.295881
19.69	-0.00811636	0.297519
19.7	-0.00797122	0.299128
19.71	-0.00782521	0.300707
19.72	-0.00767834	0.302258
19.73	-0.00753063	0.303779
19.74	-0.0073821	0.30527
19.75	-0.00723275	0.306731
19.76	-0.0070826	0.308163
19.77	-0.00693167	0.309564
19.78	-0.00677998	0.310936
19.79	-0.00662752	0.312276
19.8	-0.00647433	0.313586
19.81	-0.00632042	0.314866
19.82	-0.00616579	0.316115
19.83	-0.00601047	0.317332
19.84	-0.00585447	0.318519
19.85	-0.00569781	0.319674
19.86	-0.0055405	0.320798
19.87	-0.00538256	0.32189
19.88	-0.005224	0.322951
19.89	-0.00506484	0.32398
19.9	-0.00490509	0.324977
19.91	-0.00474477	0.325942
19.92	-0.0045839	0.326875
19.93	-0.00442249	0.327775
19.94	-0.00426055	0.328644
19.95	-0.00409811	0.329479
19.96	-0.00393517	0.330283
19.97	-0.00377177	0.331053
19.98	-0.0036079	0.331791
19.99	-0.00344359	0.332497

