0	-0.0099975	0.0699977
0.01	-0.009994	0.0899893
0.02	-0.0099895	0.109973
0.03	-0.009984	0.129947
0.04	-0.0099775	0.149908
0.05	-0.00997001	0.169856
0.06	-0.00996152	0.189788
0.07	-0.00995203	0.209701
0.08	-0.00994154	0.229595
0.09	-0.00993006	0.249467
0.1	-0.00991759	0.269315
0.11	-0.00990412	0.289137
0.12	-0.00988966	0.308931
0.13	-0.00987422	0.328695
0.14	-0.00985778	0.348427
0.15	-0.00984036	0.368125
0.16	-0.00982196	0.387788
0.17	-0.00980257	0.407412
0.18	-0.00978219	0.426997
0.19	-0.00976084	0.44654
0.2	-0.00973852	0.46604
0.21	-0.00971522	0.485494
0.22	-0.00969094	0.5049
0.23	-0.00966569	0.524257
0.24	-0.00963948	0.543562
0.25	-0.0096123	0.562814
0.26	-0.00958416	0.582011
0.27	-0.00955506	0.60115
0.28	-0.009525	0.62023
0.29	-0.00949399	0.63925
0.3	-0.00946203	0.658206
0.31	-0.00942912	0.677097
0.32	-0.00939526	0.695922
0.33	-0.00936047	0.714677
0.34	-0.00932473	0.733363
0.35	-0.00928806	0.751976
0.36	-0.00925047	0.770514
0.37	-0.00921194	0.788977
0.38	-0.00917249	0.807362
0.39	-0.00913212	0.825666
0.4	-0.00909084	0.84389
0.41	-0.00904864	0.862029
0.42	-0.00900554	0.880083
0.43	-0.00896154	0.898051
0.44	-0.00891663	0.915929
0.45	-0.00887084	0.933717
0.46	-0.00882415	0.951412
0.47	-0.00877658	0.969013
0.48	-0.00872813	0.986518
0.49	-0.0086788	1.00392
0.5	-0.00862861	1.02123
0.51	-0.00857754	1.03844
0.52	-0.00852562	1.05554
0.53	-0.00847284	1.07254
0.54	-0.00841922	1.08943
0.55	-0.00836474	1.10622
0.56	-0.00830943	1.12289
0.57	-0.00825329	1.13945
0.58	-0.00819631	1.1559
0.59	-0.00813852	1.17224
0.6	-0.00807991	1.18846
0.61	-0.00802048	1.20456
0.62	-0.00796025	1.22054
0.63	-0.00789923	1.2364
0.64	-0.00783741	1.25213
0.65	-0.0077748	1.26775
0.66	-0.00771141	1.28323
0.67	-0.00764725	1.29859
0.68	-0.00758232	1.31382
0.69	-0.00751663	1.32892
0.7	-0.00745018	1.34389
0.71	-0.00738299	1.35872
0.72	-0.00731505	1.37342
0.73	-0.00724638	1.38798
0.74	-0.00717698	1.4024
0.75	-0.00710686	1.41669
0.76	-0.00703602	1.43083
0.77	-0.00696448	1.44483
0.78	-0.00689224	1.45869
0.79	-0.0068193	1.4724
0.8	-0.00674568	1.48597
0.81	-0.00667138	1.49938
0.82	-0.00659641	1.51265
0.83	-0.00652078	1.52577
0.84	-0.00644449	1.53873
0.85	-0.00636755	1.55155
0.86	-0.00628998	1.5642
0.87	-0.00621176	1.57671
0.88	-0.00613293	1.58905
0.89	-0.00605348	1.60124
0.9	-0.00597341	1.61326
0.91	-0.00589275	1.62513
0.92	-0.00581149	1.63683
0.93	-0.00572965	1.64838
0.94	-0.00564723	1.65975
0.95	-0.00556424	1.67096
0.96	-0.00548069	1.68201
0.97	-0.00539659	1.69289
0.98	-0.00531195	1.70359
0.99	-0.00522677	1.71413
1	-0.00514106	1.7245
1.01	-0.00505483	1.7347
1.02	-0.0049681	1.74472
1.03	-0.00488086	1.75457
1.04	-0.00479313	1.76424
1.05	-0.00470492	1.77374
1.06	-0.00461623	1.78306
1.07	-0.00452708	1.79221
1.08	-0.00443747	1.80117
1.09	-0.00434741	1.80996
1.1	-0.00425691	1.81856
1.11	-0.00416598	1.82698
1.12	-0.00407463	1.83522
1.13	-0.00398287	1.84328
1.14	-0.0038907	1.85116
1.15	-0.00379814	1.85884
1.16	-0.0037052	1.86635
1.17	-0.00361188	1.87366
1.18	-0.0035182	1.88079
1.19	-0.00342416	1.88774
1.2	-0.00332977	1.89449
1.21	-0.00323505	1.90106
1.22	-0.00313999	1.90743
1.23	-0.00304462	1.91362
1.24	-0.00294894	1.91961
1.25	-0.00285296	1.92541
1.26	-0.00275669	1.93102
1.27	-0.00266013	1.93644
1.28	-0.00256331	1.94166
1.29	-0.00246623	1.94669
1.3	-0.00236889	1.95153
1.31	-0.00227131	1.95617
1.32	-0.00217351	1.96061
1.33	-0.00207547	1.96486
1.34	-0.00197723	1.96891
1.35	-0.00187878	1.97277
1.36	-0.00178014	1.97643
1.37	-0.00168132	1.97989
1.38	-0.00158233	1.98315
1.39	-0.00148317	1.98622
1.4	-0.00138386	1.98909
1.41	-0.0012844	1.99175
1.42	-0.00118481	1.99422
1.43	-0.0010851	1.99649
1.44	-0.000985275	1.99856
1.45	-0.000885346	2.00043
1.46	-0.000785324	2.0021
1.47	-0.000685218	2.00358
1.48	-0.000585038	2.00485
1.49	-0.000484795	2.00592
1.5	-0.000384498	2.00678
1.51	-0.000284158	2.00745
1.52	-0.000183785	2.00792
1.53	-8.33879e-05	2.00819
1.54	1.70224e-05	2.00825
1.55	0.000117436	2.00812
1.56	0.000217843	2.00779
1.57	0.000318233	2.00725
1.58	0.000418596	2.00651
1.59	0.000518923	2.00557
1.6	0.000619202	2.00444
1.61	0.000719425	2.0031
1.62	0.000819581	2.00156
1.63	0.000919659	1.99982
1.64	0.00101965	1.99788
1.65	0.00111955	1.99574
1.66	0.00121933	1.9934
1.67	0.001319	1.99086
1.68	0.00141855	1.98813
1.69	0.00151796	1.98519
1.7	0.00161722	1.98205
1.71	0.00171632	1.97872
1.72	0.00181526	1.97519
1.73	0.00191402	1.97146
1.74	0.00201259	1.96753
1.75	0.00211097	1.96341
1.76	0.00220914	1.95909
1.77	0.0023071	1.95457
1.78	0.00240482	1.94986
1.79	0.00250232	1.94495
1.8	0.00259957	1.93985
1.81	0.00269656	1.93456
1.82	0.00279329	1.92907
1.83	0.00288974	1.92338
1.84	0.00298591	1.91751
1.85	0.00308179	1.91144
1.86	0.00317736	1.90518
1.87	0.00327262	1.89873
1.88	0.00336756	1.89209
1.89	0.00346216	1.88526
1.9	0.00355643	1.87824
1.91	0.00365034	1.87104
1.92	0.00374389	1.86364
1.93	0.00383708	1.85606
1.94	0.00392988	1.84829
1.95	0.0040223	1.84034
1.96	0.00411431	1.8322
1.97	0.00420592	1.82388
1.98	0.00429712	1.81538
1.99	0.00438789	1.8067
2	0.00447822	1.79783
2.01	0.00456812	1.78878
2.02	0.00465756	1.77956
2.03	0.00474654	1.77015
2.04	0.00483504	1.76057
2.05	0.00492307	1.75081
2.06	0.00501061	1.74088
2.07	0.00509766	1.73077
2.08	0.0051842	1.72049
2.09	0.00527022	1.71003
2.1	0.00535573	1.69941
2.11	0.0054407	1.68861
2.12	0.00552513	1.67765
2.13	0.00560901	1.66651
2.14	0.00569234	1.65521
2.15	0.0057751	1.64374
2.16	0.00585729	1.63211
2.17	0.00593889	1.62031
2.18	0.00601991	1.60836
2.19	0.00610033	1.59623
2.2	0.00618014	1.58395
2.21	0.00625934	1.57151
2.22	0.00633791	1.55892
2.23	0.00641586	1.54616
2.24	0.00649317	1.53325
2.25	0.00656983	1.52019
2.26	0.00664584	1.50698
2.27	0.00672119	1.49361
2.28	0.00679587	1.48009
2.29	0.00686988	1.46643
2.3	0.0069432	1.45261
2.31	0.00701583	1.43865
2.32	0.00708777	1.42455
2.33	0.00715899	1.4103
2.34	0.00722951	1.39591
2.35	0.00729931	1.38138
2.36	0.00736837	1.36672
2.37	0.00743671	1.35191
2.38	0.00750431	1.33697
2.39	0.00757116	1.32189
2.4	0.00763725	1.30669
2.41	0.00770259	1.29135
2.42	0.00776715	1.27588
2.43	0.00783095	1.26028
2.44	0.00789396	1.24455
2.45	0.00795619	1.2287
2.46	0.00801763	1.21273
2.47	0.00807826	1.19663
2.48	0.0081381	1.18042
2.49	0.00819712	1.16408
2.5	0.00825532	1.14763
2.51	0.0083127	1.13106
2.52	0.00836926	1.11438
2.53	0.00842498	1.09758
2.54	0.00847986	1.08068
2.55	0.00853389	1.06367
2.56	0.00858707	1.04654
2.57	0.0086394	1.02932
2.58	0.00869087	1.01199
2.59	0.00874147	0.994554
2.6	0.0087912	0.977022
2.61	0.00884005	0.95939
2.62	0.00888802	0.941662
2.63	0.0089351	0.923839
2.64	0.00898129	0.905922
2.65	0.00902659	0.887914
2.66	0.00907099	0.869816
2.67	0.00911448	0.851631
2.68	0.00915706	0.833359
2.69	0.00919873	0.815003
2.7	0.00923948	0.796565
2.71	0.00927931	0.778046
2.72	0.00931821	0.759448
2.73	0.00935618	0.740774
2.74	0.00939322	0.722024
2.75	0.00942932	0.703201
2.76	0.00946448	0.684307
2.77	0.0094987	0.665344
2.78	0.00953196	0.646313
2.79	0.00956428	0.627217
2.8	0.00959564	0.608057
2.81	0.00962604	0.588835
2.82	0.00965549	0.569553
2.83	0.00968396	0.550214
2.84	0.00971148	0.530818
2.85	0.00973802	0.511368
2.86	0.00976359	0.491867
2.87	0.00978818	0.472315
2.88	0.00981179	0.452715
2.89	0.00983443	0.433068
2.9	0.00985608	0.413378
2.91	0.00987675	0.393645
2.92	0.00989644	0.373871
2.93	0.00991513	0.354059
2.94	0.00993283	0.334211
2.95	0.00994954	0.314329
2.96	0.00996526	0.294414
2.97	0.00997998	0.274468
2.98	0.0099937	0.254495
2.99	0.0100064	0.234494
3	0.0100182	0.21447
3.01	0.0100289	0.194422
3.02	0.0100386	0.174355
3.03	0.0100473	0.154269
3.04	0.010055	0.134166
3.05	0.0100617	0.114049
3.06	0.0100674	0.0939198
3.07	0.0100721	0.0737801
3.08	0.0100758	0.0536319
3.09	0.0100785	0.0334774
3.1	0.0100802	0.0133186
3.11	0.0100808	-0.00684261
3.12	0.0100805	-0.0270041
3.13	0.0100792	-0.047164
3.14	0.0100768	-0.0673201
3.15	0.0100734	-0.0874705
3.16	0.0100691	-0.107613
3.17	0.0100637	-0.127746
3.18	0.0100573	-0.147867
3.19	0.0100499	-0.167974
3.2	0.0100415	-0.188066
3.21	0.0100321	-0.20814
3.22	0.0100217	-0.228194
3.23	0.0100103	-0.248226
3.24	0.00999786	-0.268234
3.25	0.00998445	-0.288217
3.26	0.00997004	-0.308171
3.27	0.00995463	-0.328096
3.28	0.00993823	-0.347989
3.29	0.00992083	-0.367848
3.3	0.00990243	-0.387672
3.31	0.00988305	-0.407457
3.32	0.00986268	-0.427203
3.33	0.00984132	-0.446908
3.34	0.00981897	-0.466568
3.35	0.00979564	-0.486183
3.36	0.00977133	-0.50575
3.37	0.00974605	-0.525267
3.38	0.00971978	-0.544733
3.39	0.00969254	-0.564146
3.4	0.00966434	-0.583503
3.41	0.00963516	-0.602803
3.42	0.00960502	-0.622043
3.43	0.00957392	-0.641222
3.44	0.00954186	-0.660338
3.45	0.00950884	-0.679389
3.46	0.00947487	-0.698373
3.47	0.00943995	-0.717288
3.48	0.00940409	-0.736132
3.49	0.00936728	-0.754903
3.5	0.00932953	-0.7736
3.51	0.00929085	-0.792221
3.52	0.00925124	-0.810763
3.53	0.0092107	-0.829225
3.54	0.00916924	-0.847605
3.55	0.00912686	-0.865902
3.56	0.00908357	-0.884112
3.57	0.00903936	-0.902235
3.58	0.00899425	-0.920269
3.59	0.00894823	-0.938212
3.6	0.00890132	-0.956061
3.61	0.00885352	-0.973816
3.62	0.00880483	-0.991475
3.63	0.00875525	-1.00904
3.64	0.0087048	-1.0265
3.65	0.00865348	-1.04385
3.66	0.00860128	-1.06111
3.67	0.00854823	-1.07826
3.68	0.00849431	-1.0953
3.69	0.00843955	-1.11224
3.7	0.00838394	-1.12906
3.71	0.00832748	-1.14577
3.72	0.00827019	-1.16237
3.73	0.00821208	-1.17885
3.74	0.00815313	-1.19522
3.75	0.00809337	-1.21146
3.76	0.0080328	-1.22759
3.77	0.00797142	-1.24359
3.78	0.00790924	-1.25947
3.79	0.00784626	-1.27523
3.8	0.0077825	-1.29086
3.81	0.00771796	-1.30636
3.82	0.00765264	-1.32173
3.83	0.00758655	-1.33697
3.84	0.0075197	-1.35208
3.85	0.0074521	-1.36705
3.86	0.00738375	-1.38188
3.87	0.00731465	-1.39658
3.88	0.00724482	-1.41114
3.89	0.00717426	-1.42556
3.9	0.00710298	-1.43984
3.91	0.00703099	-1.45397
3.92	0.00695829	-1.46796
3.93	0.00688489	-1.4818
3.94	0.0068108	-1.4955
3.95	0.00673603	-1.50905
3.96	0.00666057	-1.52244
3.97	0.00658445	-1.53569
3.98	0.00650767	-1.54878
3.99	0.00643023	-1.56172
4	0.00635214	-1.5745
4.01	0.00627341	-1.58713
4.02	0.00619406	-1.5996
4.03	0.00611408	-1.6119
4.04	0.00603348	-1.62405
4.05	0.00595228	-1.63604
4.06	0.00587048	-1.64786
4.07	0.00578808	-1.65952
4.08	0.00570511	-1.67101
4.09	0.00562155	-1.68234
4.1	0.00553744	-1.6935
4.11	0.00545276	-1.70449
4.12	0.00536754	-1.71531
4.13	0.00528177	-1.72596
4.14	0.00519547	-1.73644
4.15	0.00510865	-1.74674
4.16	0.00502131	-1.75687
4.17	0.00493347	-1.76682
4.18	0.00484512	-1.7766
4.19	0.00475629	-1.7862
4.2	0.00466698	-1.79563
4.21	0.0045772	-1.80487
4.22	0.00448696	-1.81394
4.23	0.00439626	-1.82282
4.24	0.00430512	-1.83152
4.25	0.00421354	-1.84004
4.26	0.00412154	-1.84837
4.27	0.00402912	-1.85653
4.28	0.00393629	-1.86449
4.29	0.00384307	-1.87227
4.3	0.00374945	-1.87986
4.31	0.00365546	-1.88727
4.32	0.00356109	-1.89448
4.33	0.00346637	-1.90151
4.34	0.00337129	-1.90835
4.35	0.00327587	-1.915
4.36	0.00318012	-1.92145
4.37	0.00308405	-1.92772
4.38	0.00298766	-1.93379
4.39	0.00289097	-1.93967
4.4	0.00279399	-1.94535
4.41	0.00269672	-1.95084
4.42	0.00259918	-1.95614
4.43	0.00250137	-1.96124
4.44	0.00240331	-1.96614
4.45	0.002305	-1.97085
4.46	0.00220645	-1.97536
4.47	0.00210769	-1.97968
4.48	0.0020087	-1.9838
4.49	0.00190951	-1.98771
4.5	0.00181012	-1.99143
4.51	0.00171055	-1.99495
4.52	0.0016108	-1.99828
4.53	0.00151089	-2.0014
4.54	0.00141082	-2.00432
4.55	0.0013106	-2.00704
4.56	0.00121025	-2.00956
4.57	0.00110977	-2.01188
4.58	0.00100917	-2.014
4.59	0.000908473	-2.01592
4.6	0.000807676	-2.01763
4.61	0.000706794	-2.01915
4.62	0.000605835	-2.02046
4.63	0.000504811	-2.02157
4.64	0.000403732	-2.02248
4.65	0.000302607	-2.02319
4.66	0.000201447	-2.02369
4.67	0.000100262	-2.02399
4.68	-9.38835e-07	-2.02409
4.69	-0.000102144	-2.02399
4.7	-0.000203345	-2.02368
4.71	-0.00030453	-2.02318
4.72	-0.000405689	-2.02246
4.73	-0.000506813	-2.02155
4.74	-0.000607892	-2.02044
4.75	-0.000708914	-2.01912
4.76	-0.000809871	-2.0176
4.77	-0.000910752	-2.01588
4.78	-0.00101155	-2.01396
4.79	-0.00111225	-2.01184
4.8	-0.00121284	-2.00951
4.81	-0.00131331	-2.00698
4.82	-0.00141366	-2.00426
4.83	-0.00151388	-2.00133
4.84	-0.00161395	-1.9982
4.85	-0.00171386	-1.99487
4.86	-0.0018136	-1.99135
4.87	-0.00191317	-1.98762
4.88	-0.00201255	-1.98369
4.89	-0.00211174	-1.97957
4.9	-0.00221072	-1.97525
4.91	-0.00230948	-1.97073
4.92	-0.00240802	-1.96601
4.93	-0.00250632	-1.96109
4.94	-0.00260437	-1.95598
4.95	-0.00270217	-1.95068
4.96	-0.00279971	-1.94518
4.97	-0.00289697	-1.93948
4.98	-0.00299394	-1.93359
4.99	-0.00309062	-1.9275
5	-0.003187	-1.92123
5.01	-0.00328306	-1.91476
5.02	-0.0033788	-1.90809
5.03	-0.0034742	-1.90124
5.04	-0.00356927	-1.8942
5.05	-0.00366398	-1.88696
5.06	-0.00375833	-1.87954
5.07	-0.0038523	-1.87193
5.08	-0.0039459	-1.86413
5.09	-0.00403911	-1.85615
5.1	-0.00413192	-1.84798
5.11	-0.00422432	-1.83962
5.12	-0.0043163	-1.83108
5.13	-0.00440785	-1.82235
5.14	-0.00449897	-1.81345
5.15	-0.00458965	-1.80436
5.16	-0.00467986	-1.79509
5.17	-0.00476962	-1.78564
5.18	-0.0048589	-1.77601
5.19	-0.0049477	-1.7662
5.2	-0.00503601	-1.75622
5.21	-0.00512383	-1.74606
5.22	-0.00521113	-1.73573
5.23	-0.00529792	-1.72522
5.24	-0.00538418	-1.71453
5.25	-0.00546991	-1.70368
5.26	-0.00555509	-1.69266
5.27	-0.00563972	-1.68146
5.28	-0.0057238	-1.6701
5.29	-0.0058073	-1.65857
5.3	-0.00589023	-1.64687
5.31	-0.00597258	-1.63501
5.32	-0.00605433	-1.62298
5.33	-0.00613548	-1.61079
5.34	-0.00621602	-1.59844
5.35	-0.00629594	-1.58592
5.36	-0.00637524	-1.57325
5.37	-0.0064539	-1.56042
5.38	-0.00653192	-1.54744
5.39	-0.00660929	-1.5343
5.4	-0.00668601	-1.521
5.41	-0.00676206	-1.50755
5.42	-0.00683744	-1.49395
5.43	-0.00691214	-1.4802
5.44	-0.00698615	-1.46631
5.45	-0.00705946	-1.45226
5.46	-0.00713208	-1.43807
5.47	-0.00720398	-1.42373
5.48	-0.00727517	-1.40925
5.49	-0.00734563	-1.39463
5.5	-0.00741536	-1.37987
5.51	-0.00748436	-1.36497
5.52	-0.00755261	-1.34993
5.53	-0.0076201	-1.33476
5.54	-0.00768684	-1.31945
5.55	-0.00775282	-1.30401
5.56	-0.00781802	-1.28844
5.57	-0.00788244	-1.27274
5.58	-0.00794608	-1.25691
5.59	-0.00800892	-1.24096
5.6	-0.00807097	-1.22488
5.61	-0.00813222	-1.20868
5.62	-0.00819265	-1.19235
5.63	-0.00825227	-1.17591
5.64	-0.00831106	-1.15934
5.65	-0.00836903	-1.14266
5.66	-0.00842617	-1.12587
5.67	-0.00848246	-1.10896
5.68	-0.00853791	-1.09194
5.69	-0.0085925	-1.07481
5.7	-0.00864625	-1.05757
5.71	-0.00869912	-1.04022
5.72	-0.00875114	-1.02277
5.73	-0.00880227	-1.00522
5.74	-0.00885254	-0.987563
5.75	-0.00890191	-0.969809
5.76	-0.00895041	-0.951956
5.77	-0.008998	-0.934008
5.78	-0.0090447	-0.915965
5.79	-0.0090905	-0.897829
5.8	-0.00913539	-0.879603
5.81	-0.00917938	-0.861288
5.82	-0.00922244	-0.842886
5.83	-0.00926458	-0.824399
5.84	-0.00930581	-0.805829
5.85	-0.0093461	-0.787177
5.86	-0.00938546	-0.768445
5.87	-0.00942388	-0.749635
5.88	-0.00946136	-0.73075
5.89	-0.0094979	-0.711791
5.9	-0.00953349	-0.692759
5.91	-0.00956813	-0.673657
5.92	-0.00960181	-0.654487
5.93	-0.00963453	-0.635251
5.94	-0.0096663	-0.61595
5.95	-0.00969709	-0.596586
5.96	-0.00972692	-0.577162
5.97	-0.00975578	-0.557679
5.98	-0.00978367	-0.53814
5.99	-0.00981057	-0.518545
6	-0.0098365	-0.498898
6.01	-0.00986145	-0.4792
6.02	-0.00988541	-0.459453
6.03	-0.00990838	-0.439659
6.04	-0.00993036	-0.41982
6.05	-0.00995135	-0.399938
6.06	-0.00997135	-0.380015
6.07	-0.00999035	-0.360053
6.08	-0.0100084	-0.340054
6.09	-0.0100254	-0.320021
6.1	-0.0100414	-0.299954
6.11	-0.0100564	-0.279856
6.12	-0.0100703	-0.259729
6.13	-0.0100833	-0.239575
6.14	-0.0100953	-0.219396
6.15	-0.0101063	-0.199194
6.16	-0.0101162	-0.178972
6.17	-0.0101252	-0.15873
6.18	-0.0101331	-0.138472
6.19	-0.0101401	-0.118198
6.2	-0.010146	-0.0979122
6.21	-0.0101509	-0.0776152
6.22	-0.0101547	-0.0573094
6.23	-0.0101576	-0.0369969
6.24	-0.0101595	-0.0166797
6.25	-0.0101603	0.00364024
6.26	-0.0101601	0.0239608
6.27	-0.0101589	0.04428
6.28	-0.0101567	0.0645958
6.29	-0.0101535	0.0849061
6.3	-0.0101492	0.105209
6.31	-0.010144	0.125502
6.32	-0.0101377	0.145784
6.33	-0.0101304	0.166052
6.34	-0.0101221	0.186305
6.35	-0.0101128	0.20654
6.36	-0.0101024	0.226755
6.37	-0.0100911	0.246949
6.38	-0.0100788	0.267119
6.39	-0.0100654	0.287264
6.4	-0.010051	0.30738
6.41	-0.0100357	0.327467
6.42	-0.0100193	0.347522
6.43	-0.0100019	0.367544
6.44	-0.00998355	0.387529
6.45	-0.00996417	0.407477
6.46	-0.0099438	0.427385
6.47	-0.00992243	0.447252
6.48	-0.00990006	0.467074
6.49	-0.00987671	0.486851
6.5	-0.00985237	0.50658
6.51	-0.00982704	0.52626
6.52	-0.00980072	0.545888
6.53	-0.00977343	0.565462
6.54	-0.00974516	0.584981
6.55	-0.00971591	0.604442
6.56	-0.00968568	0.623844
6.57	-0.00965449	0.643184
6.58	-0.00962233	0.662461
6.59	-0.00958921	0.681673
6.6	-0.00955512	0.700817
6.61	-0.00952008	0.719893
6.62	-0.00948409	0.738897
6.63	-0.00944714	0.757829
6.64	-0.00940925	0.776685
6.65	-0.00937042	0.795465
6.66	-0.00933064	0.814166
6.67	-0.00928993	0.832787
6.68	-0.00924829	0.851325
6.69	-0.00920573	0.869779
6.7	-0.00916224	0.888148
6.71	-0.00911783	0.906428
6.72	-0.00907251	0.924618
6.73	-0.00902628	0.942717
6.74	-0.00897914	0.960723
6.75	-0.0089311	0.978633
6.76	-0.00888217	0.996447
6.77	-0.00883235	1.01416
6.78	-0.00878164	1.03178
6.79	-0.00873005	1.04929
6.8	-0.00867759	1.0667
6.81	-0.00862425	1.084
6.82	-0.00857005	1.10119
6.83	-0.00851499	1.11828
6.84	-0.00845908	1.13525
6.85	-0.00840231	1.15211
6.86	-0.00834471	1.16886
6.87	-0.00828626	1.18549
6.88	-0.00822699	1.202
6.89	-0.00816689	1.2184
6.9	-0.00810597	1.23467
6.91	-0.00804423	1.25082
6.92	-0.00798169	1.26685
6.93	-0.00791835	1.28275
6.94	-0.00785421	1.29852
6.95	-0.00778929	1.31416
6.96	-0.00772358	1.32968
6.97	-0.00765709	1.34506
6.98	-0.00758984	1.3603
6.99	-0.00752182	1.37542
7	-0.00745305	1.39039
7.01	-0.00738353	1.40523
7.02	-0.00731327	1.41993
7.03	-0.00724227	1.43448
7.04	-0.00717055	1.44889
7.05	-0.0070981	1.46316
7.06	-0.00702494	1.47729
7.07	-0.00695108	1.49126
7.08	-0.00687652	1.50509
7.09	-0.00680126	1.51877
7.1	-0.00672532	1.53229
7.11	-0.00664871	1.54567
7.12	-0.00657142	1.55889
7.13	-0.00649348	1.57195
7.14	-0.00641488	1.58486
7.15	-0.00633563	1.59761
7.16	-0.00625575	1.6102
7.17	-0.00617524	1.62264
7.18	-0.00609411	1.6349
7.19	-0.00601236	1.64701
7.2	-0.00593001	1.65895
7.21	-0.00584706	1.67073
7.22	-0.00576353	1.68234
7.23	-0.00567941	1.69378
7.24	-0.00559472	1.70506
7.25	-0.00550947	1.71616
7.26	-0.00542366	1.7271
7.27	-0.0053373	1.73786
7.28	-0.00525041	1.74845
7.29	-0.00516298	1.75886
7.3	-0.00507504	1.7691
7.31	-0.00498659	1.77916
7.32	-0.00489763	1.78904
7.33	-0.00480817	1.79875
7.34	-0.00471824	1.80828
7.35	-0.00462782	1.81762
7.36	-0.00453694	1.82679
7.37	-0.0044456	1.83577
7.38	-0.00435381	1.84457
7.39	-0.00426158	1.85318
7.4	-0.00416892	1.86161
7.41	-0.00407584	1.86986
7.42	-0.00398235	1.87792
7.43	-0.00388845	1.88579
7.44	-0.00379416	1.89347
7.45	-0.00369948	1.90096
7.46	-0.00360444	1.90827
7.47	-0.00350902	1.91538
7.48	-0.00341325	1.9223
7.49	-0.00331713	1.92903
7.5	-0.00322068	1.93557
7.51	-0.0031239	1.94192
7.52	-0.00302681	1.94807
7.53	-0.0029294	1.95402
7.54	-0.0028317	1.95979
7.55	-0.00273371	1.96535
7.56	-0.00263544	1.97072
7.57	-0.0025369	1.97589
7.58	-0.00243811	1.98087
7.59	-0.00233907	1.98564
7.6	-0.00223978	1.99022
7.61	-0.00214027	1.9946
7.62	-0.00204054	1.99878
7.63	-0.0019406	2.00277
7.64	-0.00184046	2.00655
7.65	-0.00174013	2.01013
7.66	-0.00163962	2.01351
7.67	-0.00153895	2.01669
7.68	-0.00143811	2.01966
7.69	-0.00133713	2.02244
7.7	-0.00123601	2.02501
7.71	-0.00113475	2.02738
7.72	-0.00103338	2.02955
7.73	-0.000931907	2.03152
7.74	-0.00083033	2.03328
7.75	-0.000728665	2.03484
7.76	-0.000626922	2.03619
7.77	-0.000525112	2.03734
7.78	-0.000423244	2.03829
7.79	-0.000321328	2.03904
7.8	-0.000219376	2.03958
7.81	-0.000117396	2.03992
7.82	-1.53993e-05	2.04005
7.83	8.6604e-05	2.03998
7.84	0.000188604	2.0397
7.85	0.00029059	2.03922
7.86	0.000392552	2.03854
7.87	0.000494479	2.03765
7.88	0.000596363	2.03656
7.89	0.000698192	2.03527
7.9	0.000799956	2.03377
7.91	0.000901645	2.03207
7.92	0.00100325	2.03016
7.93	0.00110476	2.02805
7.94	0.00120616	2.02574
7.95	0.00130745	2.02323
7.96	0.00140861	2.02051
7.97	0.00150964	2.0176
7.98	0.00161052	2.01447
7.99	0.00171124	2.01115
8	0.0018118	2.00763
8.01	0.00191218	2.00391
8.02	0.00201238	1.99998
8.03	0.00211238	1.99586
8.04	0.00221217	1.99153
8.05	0.00231175	1.98701
8.06	0.0024111	1.98229
8.07	0.00251022	1.97736
8.08	0.00260909	1.97224
8.09	0.0027077	1.96693
8.1	0.00280605	1.96141
8.11	0.00290412	1.9557
8.12	0.0030019	1.9498
8.13	0.0030994	1.9437
8.14	0.00319658	1.9374
8.15	0.00329345	1.93091
8.16	0.00339	1.92423
8.17	0.00348621	1.91735
8.18	0.00358208	1.91028
8.19	0.00367759	1.90302
8.2	0.00377275	1.89557
8.21	0.00386752	1.88793
8.22	0.00396192	1.8801
8.23	0.00405593	1.87208
8.24	0.00414953	1.86388
8.25	0.00424273	1.85549
8.26	0.0043355	1.84691
8.27	0.00442785	1.83814
8.28	0.00451976	1.8292
8.29	0.00461122	1.82007
8.3	0.00470222	1.81075
8.31	0.00479276	1.80126
8.32	0.00488282	1.79158
8.33	0.0049724	1.78173
8.34	0.00506149	1.77169
8.35	0.00515008	1.76148
8.36	0.00523815	1.75109
8.37	0.00532571	1.74053
8.38	0.00541273	1.72979
8.39	0.00549922	1.71888
8.4	0.00558517	1.70779
8.41	0.00567056	1.69654
8.42	0.00575539	1.68511
8.43	0.00583964	1.67352
8.44	0.00592332	1.66175
8.45	0.00600641	1.64982
8.46	0.0060889	1.63773
8.47	0.00617079	1.62547
8.48	0.00625206	1.61305
8.49	0.00633271	1.60046
8.5	0.00641274	1.58771
8.51	0.00649212	1.57481
8.52	0.00657086	1.56175
8.53	0.00664895	1.54853
8.54	0.00672638	1.53515
8.55	0.00680314	1.52162
8.56	0.00687922	1.50794
8.57	0.00695462	1.49411
8.58	0.00702932	1.48012
8.59	0.00710333	1.46599
8.6	0.00717663	1.45171
8.61	0.00724921	1.43728
8.62	0.00732108	1.42271
8.63	0.00739222	1.408
8.64	0.00746262	1.39314
8.65	0.00753227	1.37815
8.66	0.00760118	1.36302
8.67	0.00766933	1.34774
8.68	0.00773672	1.33234
8.69	0.00780334	1.3168
8.7	0.00786918	1.30113
8.71	0.00793424	1.28532
8.72	0.0079985	1.26939
8.73	0.00806197	1.25333
8.74	0.00812464	1.23714
8.75	0.0081865	1.22083
8.76	0.00824754	1.2044
8.77	0.00830776	1.18784
8.78	0.00836715	1.17117
8.79	0.00842571	1.15437
8.8	0.00848343	1.13746
8.81	0.0085403	1.12044
8.82	0.00859633	1.1033
8.83	0.00865149	1.08605
8.84	0.00870579	1.0687
8.85	0.00875923	1.05123
8.86	0.00881179	1.03366
8.87	0.00886347	1.01599
8.88	0.00891427	0.998208
8.89	0.00896419	0.980329
8.9	0.0090132	0.962352
8.91	0.00906132	0.944277
8.92	0.00910853	0.926107
8.93	0.00915484	0.907843
8.94	0.00920023	0.889488
8.95	0.00924471	0.871043
8.96	0.00928826	0.85251
8.97	0.00933089	0.833891
8.98	0.00937258	0.815187
8.99	0.00941334	0.796401
9	0.00945316	0.777534
9.01	0.00949204	0.758589
9.02	0.00952997	0.739567
9.03	0.00956695	0.72047
9.04	0.00960297	0.7013
9.05	0.00963803	0.682058
9.06	0.00967214	0.662748
9.07	0.00970528	0.643371
9.08	0.00973744	0.623928
9.09	0.00976864	0.604421
9.1	0.00979886	0.584854
9.11	0.0098281	0.565227
9.12	0.00985637	0.545542
9.13	0.00988364	0.525802
9.14	0.00990993	0.506008
9.15	0.00993523	0.486163
9.16	0.00995954	0.466268
9.17	0.00998286	0.446325
9.18	0.0100052	0.426337
9.19	0.0100265	0.406305
9.2	0.0100468	0.386232
9.21	0.0100661	0.366119
9.22	0.0100844	0.345968
9.23	0.0101017	0.325782
9.24	0.010118	0.305562
9.25	0.0101333	0.28531
9.26	0.0101476	0.265029
9.27	0.0101608	0.244721
9.28	0.010173	0.224387
9.29	0.0101843	0.204029
9.3	0.0101945	0.18365
9.31	0.0102036	0.163252
9.32	0.0102118	0.142836
9.33	0.0102189	0.122406
9.34	0.0102251	0.101961
9.35	0.0102302	0.0815059
9.36	0.0102342	0.0610414
9.37	0.0102373	0.0405696
9.38	0.0102393	0.0200929
9.39	0.0102403	-0.000386965
9.4	0.0102403	-0.0208678
9.41	0.0102393	-0.0413475
9.42	0.0102372	-0.0618242
9.43	0.0102341	-0.0822956
9.44	0.01023	-0.10276
9.45	0.0102249	-0.123215
9.46	0.0102187	-0.143659
9.47	0.0102115	-0.164089
9.48	0.0102033	-0.184504
9.49	0.0101941	-0.204902
9.5	0.0101838	-0.22528
9.51	0.0101726	-0.245636
9.52	0.0101603	-0.265969
9.53	0.010147	-0.286277
9.54	0.0101327	-0.306557
9.55	0.0101173	-0.326807
9.56	0.010101	-0.347025
9.57	0.0100837	-0.36721
9.58	0.0100653	-0.387359
9.59	0.0100459	-0.407471
9.6	0.0100256	-0.427542
9.61	0.0100042	-0.447572
9.62	0.0099818	-0.467558
9.63	0.00995842	-0.487499
9.64	0.00993404	-0.507391
9.65	0.00990867	-0.527234
9.66	0.00988231	-0.547025
9.67	0.00985496	-0.566763
9.68	0.00982662	-0.586444
9.69	0.0097973	-0.606069
9.7	0.009767	-0.625633
9.71	0.00973571	-0.645136
9.72	0.00970346	-0.664575
9.73	0.00967023	-0.683949
9.74	0.00963603	-0.703256
9.75	0.00960087	-0.722493
9.76	0.00956474	-0.741658
9.77	0.00952766	-0.760751
9.78	0.00948962	-0.779768
9.79	0.00945063	-0.798709
9.8	0.0094107	-0.81757
9.81	0.00936982	-0.836351
9.82	0.009328	-0.855049
9.83	0.00928525	-0.873662
9.84	0.00924156	-0.892189
9.85	0.00919695	-0.910628
9.86	0.00915142	-0.928976
9.87	0.00910497	-0.947233
9.88	0.00905761	-0.965396
9.89	0.00900934	-0.983463
9.9	0.00896017	-1.00143
9.91	0.00891009	-1.0193
9.92	0.00885913	-1.03707
9.93	0.00880727	-1.05474
9.94	0.00875454	-1.0723
9.95	0.00870092	-1.08976
9.96	0.00864643	-1.1071
9.97	0.00859108	-1.12434
9.98	0.00853486	-1.14147
9.99	0.00847779	-1.15848
10	0.00841986	-1.17538
10.01	0.00836109	-1.19216
10.02	0.00830148	-1.20882
10.03	0.00824104	-1.22536
10.04	0.00817977	-1.24179
10.05	0.00811768	-1.25808
10.06	0.00805478	-1.27426
10.07	0.00799107	-1.2903
10.08	0.00792655	-1.30622
10.09	0.00786124	-1.32201
10.1	0.00779514	-1.33766
10.11	0.00772825	-1.35319
10.12	0.00766059	-1.36858
10.13	0.00759216	-1.38383
10.14	0.00752297	-1.39894
10.15	0.00745302	-1.41392
10.16	0.00738233	-1.42876
10.17	0.00731089	-1.44345
10.18	0.00723872	-1.458
10.19	0.00716582	-1.4724
10.2	0.00709219	-1.48666
10.21	0.00701786	-1.50077
10.22	0.00694282	-1.51473
10.23	0.00686708	-1.52854
10.24	0.00679066	-1.5422
10.25	0.00671355	-1.55571
10.26	0.00663576	-1.56905
10.27	0.00655731	-1.58225
10.28	0.00647819	-1.59528
10.29	0.00639843	-1.60816
10.3	0.00631802	-1.62088
10.31	0.00623698	-1.63343
10.32	0.0061553	-1.64582
10.33	0.00607301	-1.65805
10.34	0.00599011	-1.67012
10.35	0.0059066	-1.68201
10.36	0.0058225	-1.69374
10.37	0.00573781	-1.7053
10.38	0.00565255	-1.71669
10.39	0.00556671	-1.72791
10.4	0.00548031	-1.73896
10.41	0.00539337	-1.74983
10.42	0.00530587	-1.76053
10.43	0.00521785	-1.77106
10.44	0.00512929	-1.7814
10.45	0.00504022	-1.79157
10.46	0.00495064	-1.80156
10.47	0.00486056	-1.81138
10.48	0.00476999	-1.82101
10.49	0.00467894	-1.83045
10.5	0.00458742	-1.83972
10.51	0.00449543	-1.8488
10.52	0.00440299	-1.8577
10.53	0.00431011	-1.86642
10.54	0.00421678	-1.87494
10.55	0.00412304	-1.88328
10.56	0.00402887	-1.89143
10.57	0.0039343	-1.8994
10.58	0.00383933	-1.90717
10.59	0.00374397	-1.91475
10.6	0.00364823	-1.92215
10.61	0.00355212	-1.92935
10.62	0.00345565	-1.93636
10.63	0.00335884	-1.94317
10.64	0.00326168	-1.94979
10.65	0.00316419	-1.95622
10.66	0.00306637	-1.96245
10.67	0.00296825	-1.96848
10.68	0.00286983	-1.97432
10.69	0.00277111	-1.97996
10.7	0.00267211	-1.9854
10.71	0.00257284	-1.99065
10.72	0.00247331	-1.9957
10.73	0.00237352	-2.00054
10.74	0.00227349	-2.00519
10.75	0.00217323	-2.00964
10.76	0.00207275	-2.01388
10.77	0.00197205	-2.01793
10.78	0.00187116	-2.02177
10.79	0.00177007	-2.02541
10.8	0.0016688	-2.02885
10.81	0.00156735	-2.03209
10.82	0.00146575	-2.03512
10.83	0.00136399	-2.03795
10.84	0.00126209	-2.04058
10.85	0.00116006	-2.043
10.86	0.00105791	-2.04522
10.87	0.000955651	-2.04723
10.88	0.000853288	-2.04904
10.89	0.000750836	-2.05064
10.9	0.000648303	-2.05204
10.91	0.0005457	-2.05324
10.92	0.000443037	-2.05422
10.93	0.000340325	-2.05501
10.94	0.000237574	-2.05559
10.95	0.000134794	-2.05596
10.96	3.19949e-05	-2.05612
10.97	-7.08122e-05	-2.05609
10.98	-0.000173617	-2.05584
10.99	-0.00027641	-2.05539
11	-0.000379181	-2.05474
11.01	-0.000481918	-2.05387
11.02	-0.000584613	-2.05281
11.03	-0.000687254	-2.05154
11.04	-0.000789832	-2.05006
11.05	-0.000892336	-2.04838
11.06	-0.000994755	-2.04649
11.07	-0.00109708	-2.0444
11.08	-0.0011993	-2.0421
11.09	-0.00130141	-2.0396
11.1	-0.00140339	-2.0369
11.11	-0.00150523	-2.03399
11.12	-0.00160693	-2.03088
11.13	-0.00170848	-2.02756
11.14	-0.00180986	-2.02404
11.15	-0.00191106	-2.02032
11.16	-0.00201208	-2.0164
11.17	-0.0021129	-2.01227
11.18	-0.00221351	-2.00795
11.19	-0.00231391	-2.00342
11.2	-0.00241408	-1.99869
11.21	-0.00251402	-1.99376
11.22	-0.00261371	-1.98863
11.23	-0.00271314	-1.98331
11.24	-0.00281231	-1.97778
11.25	-0.0029112	-1.97206
11.26	-0.0030098	-1.96614
11.27	-0.00310811	-1.96002
11.28	-0.00320611	-1.95371
11.29	-0.00330379	-1.9472
11.3	-0.00340116	-1.94049
11.31	-0.00349818	-1.93359
11.32	-0.00359486	-1.9265
11.33	-0.00369119	-1.91921
11.34	-0.00378715	-1.91173
11.35	-0.00388274	-1.90406
11.36	-0.00397794	-1.8962
11.37	-0.00407275	-1.88815
11.38	-0.00416716	-1.87991
11.39	-0.00426115	-1.87148
11.4	-0.00435473	-1.86287
11.41	-0.00444787	-1.85406
11.42	-0.00454058	-1.84508
11.43	-0.00463283	-1.8359
11.44	-0.00472463	-1.82655
11.45	-0.00481596	-1.817
11.46	-0.00490681	-1.80728
11.47	-0.00499717	-1.79738
11.48	-0.00508704	-1.78729
11.49	-0.00517641	-1.77703
11.5	-0.00526526	-1.76659
11.51	-0.00535359	-1.75597
11.52	-0.00544139	-1.74517
11.53	-0.00552865	-1.7342
11.54	-0.00561536	-1.72306
11.55	-0.00570151	-1.71174
11.56	-0.0057871	-1.70025
11.57	-0.00587211	-1.68859
11.58	-0.00595654	-1.67677
11.59	-0.00604038	-1.66477
11.6	-0.00612362	-1.65261
11.61	-0.00620625	-1.64028
11.62	-0.00628827	-1.62778
11.63	-0.00636966	-1.61512
11.64	-0.00645041	-1.6023
11.65	-0.00653053	-1.58932
11.66	-0.00661	-1.57618
11.67	-0.00668881	-1.56288
11.68	-0.00676695	-1.54943
11.69	-0.00684442	-1.53581
11.7	-0.00692121	-1.52205
11.71	-0.00699732	-1.50813
11.72	-0.00707272	-1.49406
11.73	-0.00714743	-1.47984
11.74	-0.00722142	-1.46547
11.75	-0.0072947	-1.45095
11.76	-0.00736724	-1.43629
11.77	-0.00743906	-1.42149
11.78	-0.00751013	-1.40654
11.79	-0.00758046	-1.39145
11.8	-0.00765003	-1.37622
11.81	-0.00771885	-1.36085
11.82	-0.00778689	-1.34534
11.83	-0.00785416	-1.3297
11.84	-0.00792064	-1.31392
11.85	-0.00798634	-1.29802
11.86	-0.00805124	-1.28198
11.87	-0.00811534	-1.26581
11.88	-0.00817863	-1.24952
11.89	-0.00824111	-1.2331
11.9	-0.00830276	-1.21655
11.91	-0.00836359	-1.19989
11.92	-0.00842358	-1.1831
11.93	-0.00848274	-1.16619
11.94	-0.00854105	-1.14917
11.95	-0.00859851	-1.13203
11.96	-0.00865511	-1.11478
11.97	-0.00871085	-1.09741
11.98	-0.00876572	-1.07993
11.99	-0.00881972	-1.06235
12	-0.00887284	-1.04466
12.01	-0.00892507	-1.02686
12.02	-0.00897641	-1.00896
12.03	-0.00902686	-0.990953
12.04	-0.00907641	-0.972849
12.05	-0.00912505	-0.954648
12.06	-0.00917278	-0.93635
12.07	-0.0092196	-0.917957
12.08	-0.0092655	-0.899472
12.09	-0.00931047	-0.880896
12.1	-0.00935452	-0.862231
12.11	-0.00939763	-0.843478
12.12	-0.00943981	-0.824641
12.13	-0.00948104	-0.80572
12.14	-0.00952132	-0.786717
12.15	-0.00956066	-0.767635
12.16	-0.00959904	-0.748475
12.17	-0.00963647	-0.729239
12.18	-0.00967293	-0.70993
12.19	-0.00970843	-0.690548
12.2	-0.00974295	-0.671097
12.21	-0.00977651	-0.651577
12.22	-0.00980909	-0.631992
12.23	-0.00984069	-0.612342
12.24	-0.0098713	-0.592629
12.25	-0.00990094	-0.572857
12.26	-0.00992958	-0.553026
12.27	-0.00995723	-0.533139
12.28	-0.00998389	-0.513198
12.29	-0.0100095	-0.493204
12.3	-0.0100342	-0.473161
12.31	-0.0100579	-0.453068
12.32	-0.0100805	-0.43293
12.33	-0.0101022	-0.412747
12.34	-0.0101228	-0.392522
12.35	-0.0101424	-0.372256
12.36	-0.010161	-0.351953
12.37	-0.0101786	-0.331613
12.38	-0.0101952	-0.311239
12.39	-0.0102108	-0.290833
12.4	-0.0102253	-0.270396
12.41	-0.0102388	-0.249932
12.42	-0.0102513	-0.229442
12.43	-0.0102628	-0.208927
12.44	-0.0102733	-0.188391
12.45	-0.0102827	-0.167835
12.46	-0.0102911	-0.147261
12.47	-0.0102984	-0.126671
12.48	-0.0103048	-0.106068
12.49	-0.0103101	-0.085453
12.5	-0.0103143	-0.0648284
12.51	-0.0103176	-0.0441963
12.52	-0.0103198	-0.0235588
12.53	-0.010321	-0.00291781
12.54	-0.0103211	0.0177245
12.55	-0.0103202	0.038366
12.56	-0.0103183	0.0590047
12.57	-0.0103154	0.0796385
12.58	-0.0103114	0.100265
12.59	-0.0103064	0.120883
12.6	-0.0103003	0.14149
12.61	-0.0102932	0.162084
12.62	-0.0102851	0.182663
12.63	-0.010276	0.203224
12.64	-0.0102659	0.223766
12.65	-0.0102547	0.244287
12.66	-0.0102424	0.264784
12.67	-0.0102292	0.285256
12.68	-0.0102149	0.3057
12.69	-0.0101997	0.326115
12.7	-0.0101834	0.346498
12.71	-0.010166	0.366848
12.72	-0.0101477	0.387161
12.73	-0.0101283	0.407438
12.74	-0.010108	0.427674
12.75	-0.0100866	0.447869
12.76	-0.0100642	0.46802
12.77	-0.0100408	0.488125
12.78	-0.0100164	0.508182
12.79	-0.00999096	0.52819
12.8	-0.00996455	0.548145
12.81	-0.00993714	0.568047
12.82	-0.00990874	0.587893
12.83	-0.00987935	0.607682
12.84	-0.00984896	0.62741
12.85	-0.00981759	0.647077
12.86	-0.00978524	0.66668
12.87	-0.0097519	0.686217
12.88	-0.00971759	0.705687
12.89	-0.00968231	0.725087
12.9	-0.00964605	0.744415
12.91	-0.00960883	0.76367
12.92	-0.00957065	0.78285
12.93	-0.00953151	0.801952
12.94	-0.00949141	0.820975
12.95	-0.00945036	0.839917
12.96	-0.00940836	0.858776
12.97	-0.00936542	0.87755
12.98	-0.00932154	0.896237
12.99	-0.00927673	0.914836
13	-0.00923099	0.933343
13.01	-0.00918432	0.951759
13.02	-0.00913673	0.97008
13.03	-0.00908823	0.988305
13.04	-0.00903881	1.00643
13.05	-0.00898849	1.02446
13.06	-0.00893727	1.04239
13.07	-0.00888515	1.06021
13.08	-0.00883214	1.07793
13.09	-0.00877824	1.09554
13.1	-0.00872346	1.11304
13.11	-0.00866781	1.13043
13.12	-0.00861129	1.14771
13.13	-0.0085539	1.16487
13.14	-0.00849566	1.18192
13.15	-0.00843656	1.19886
13.16	-0.00837662	1.21567
13.17	-0.00831583	1.23236
13.18	-0.00825422	1.24893
13.19	-0.00819177	1.26538
13.2	-0.0081285	1.2817
13.21	-0.00806441	1.29789
13.22	-0.00799952	1.31396
13.23	-0.00793382	1.32989
13.24	-0.00786733	1.34569
13.25	-0.00780004	1.36136
13.26	-0.00773197	1.37689
13.27	-0.00766313	1.39229
13.28	-0.00759351	1.40754
13.29	-0.00752313	1.42266
13.3	-0.007452	1.43763
13.31	-0.00738012	1.45247
13.32	-0.00730749	1.46715
13.33	-0.00723414	1.4817
13.34	-0.00716005	1.49609
13.35	-0.00708525	1.51034
13.36	-0.00700973	1.52443
13.37	-0.00693351	1.53837
13.38	-0.00685659	1.55216
13.39	-0.00677898	1.5658
13.4	-0.00670069	1.57928
13.41	-0.00662172	1.5926
13.42	-0.00654209	1.60577
13.43	-0.0064618	1.61877
13.44	-0.00638086	1.63161
13.45	-0.00629928	1.64429
13.46	-0.00621707	1.65681
13.47	-0.00613423	1.66916
13.48	-0.00605077	1.68135
13.49	-0.0059667	1.69336
13.5	-0.00588203	1.70521
13.51	-0.00579677	1.71689
13.52	-0.00571092	1.7284
13.53	-0.0056245	1.73974
13.54	-0.00553751	1.7509
13.55	-0.00544997	1.76188
13.56	-0.00536187	1.7727
13.57	-0.00527324	1.78333
13.58	-0.00518407	1.79379
13.59	-0.00509438	1.80407
13.6	-0.00500418	1.81417
13.61	-0.00491347	1.82408
13.62	-0.00482226	1.83382
13.63	-0.00473057	1.84337
13.64	-0.0046384	1.85274
13.65	-0.00454576	1.86193
13.66	-0.00445267	1.87092
13.67	-0.00435912	1.87974
13.68	-0.00426513	1.88836
13.69	-0.00417071	1.8968
13.7	-0.00407587	1.90504
13.71	-0.00398062	1.9131
13.72	-0.00388496	1.92097
13.73	-0.00378891	1.92864
13.74	-0.00369248	1.93612
13.75	-0.00359567	1.94341
13.76	-0.0034985	1.9505
13.77	-0.00340098	1.9574
13.78	-0.00330311	1.96411
13.79	-0.0032049	1.97062
13.8	-0.00310637	1.97693
13.81	-0.00300752	1.98304
13.82	-0.00290837	1.98896
13.83	-0.00280892	1.99467
13.84	-0.00270919	2.00019
13.85	-0.00260918	2.00551
13.86	-0.0025089	2.01063
13.87	-0.00240837	2.01555
13.88	-0.00230759	2.02026
13.89	-0.00220657	2.02478
13.9	-0.00210534	2.02909
13.91	-0.00200388	2.0332
13.92	-0.00190222	2.0371
13.93	-0.00180036	2.04081
13.94	-0.00169832	2.0443
13.95	-0.00159611	2.0476
13.96	-0.00149373	2.05069
13.97	-0.00139119	2.05357
13.98	-0.00128851	2.05625
13.99	-0.0011857	2.05873
14	-0.00108276	2.061
14.01	-0.000979709	2.06306
14.02	-0.000876555	2.06492
14.03	-0.000773308	2.06656
14.04	-0.000669979	2.06801
14.05	-0.000566578	2.06924
14.06	-0.000463115	2.07027
14.07	-0.0003596	2.0711
14.08	-0.000256045	2.07171
14.09	-0.000152458	2.07212
14.1	-4.88511e-05	2.07232
14.11	5.47659e-05	2.07232
14.12	0.000158383	2.0721
14.13	0.000261989	2.07168
14.14	0.000365574	2.07106
14.15	0.000469127	2.07022
14.16	0.000572639	2.06918
14.17	0.000676099	2.06793
14.18	0.000779496	2.06647
14.19	0.000882821	2.06481
14.2	0.000986063	2.06294
14.21	0.00108921	2.06087
14.22	0.00119225	2.05859
14.23	0.00129519	2.0561
14.24	0.00139799	2.05341
14.25	0.00150066	2.05051
14.26	0.00160319	2.0474
14.27	0.00170556	2.04409
14.28	0.00180776	2.04058
14.29	0.00190979	2.03686
14.3	0.00201164	2.03294
14.31	0.00211329	2.02882
14.32	0.00221473	2.02449
14.33	0.00231595	2.01996
14.34	0.00241695	2.01523
14.35	0.00251771	2.01029
14.36	0.00261823	2.00516
14.37	0.00271849	1.99982
14.38	0.00281848	1.99428
14.39	0.0029182	1.98854
14.4	0.00301762	1.98261
14.41	0.00311675	1.97647
14.42	0.00321558	1.97014
14.43	0.00331409	1.96361
14.44	0.00341227	1.95689
14.45	0.00351011	1.94996
14.46	0.00360761	1.94285
14.47	0.00370476	1.93553
14.48	0.00380153	1.92803
14.49	0.00389794	1.92033
14.5	0.00399395	1.91244
14.51	0.00408958	1.90435
14.52	0.00418479	1.89608
14.53	0.0042796	1.88761
14.54	0.00437398	1.87896
14.55	0.00446793	1.87012
14.56	0.00456143	1.86109
14.57	0.00465449	1.85187
14.58	0.00474708	1.84247
14.59	0.00483921	1.83288
14.6	0.00493085	1.82311
14.61	0.00502201	1.81316
14.62	0.00511267	1.80303
14.63	0.00520282	1.79271
14.64	0.00529246	1.78221
14.65	0.00538157	1.77154
14.66	0.00547015	1.76069
14.67	0.00555818	1.74966
14.68	0.00564567	1.73846
14.69	0.00573259	1.72708
14.7	0.00581894	1.71553
14.71	0.00590472	1.7038
14.72	0.00598991	1.69191
14.73	0.00607451	1.67984
14.74	0.0061585	1.66761
14.75	0.00624188	1.65521
14.76	0.00632464	1.64264
14.77	0.00640678	1.62991
14.78	0.00648827	1.61702
14.79	0.00656912	1.60396
14.8	0.00664932	1.59074
14.81	0.00672886	1.57736
14.82	0.00680773	1.56383
14.83	0.00688592	1.55013
14.84	0.00696343	1.53628
14.85	0.00704024	1.52228
14.86	0.00711636	1.50812
14.87	0.00719176	1.49381
14.88	0.00726645	1.47936
14.89	0.00734042	1.46475
14.9	0.00741366	1.44999
14.91	0.00748616	1.43509
14.92	0.00755792	1.42005
14.93	0.00762892	1.40486
14.94	0.00769916	1.38953
14.95	0.00776864	1.37407
14.96	0.00783734	1.35846
14.97	0.00790527	1.34272
14.98	0.0079724	1.32684
14.99	0.00803875	1.31083
15	0.00810429	1.29469
15.01	0.00816902	1.27841
15.02	0.00823295	1.26201
15.03	0.00829605	1.24548
15.04	0.00835832	1.22883
15.05	0.00841976	1.21205
15.06	0.00848037	1.19515
15.07	0.00854012	1.17813
15.08	0.00859903	1.16099
15.09	0.00865708	1.14373
15.1	0.00871427	1.12636
15.11	0.00877059	1.10888
15.12	0.00882603	1.09128
15.13	0.00888059	1.07357
15.14	0.00893427	1.05576
15.15	0.00898706	1.03784
15.16	0.00903895	1.01981
15.17	0.00908994	1.00168
15.18	0.00914003	0.98345
15.19	0.0091892	0.965121
15.2	0.00923746	0.946694
15.21	0.00928479	0.928171
15.22	0.0093312	0.909555
15.23	0.00937668	0.890847
15.24	0.00942122	0.872049
15.25	0.00946483	0.853163
15.26	0.00950748	0.834191
15.27	0.00954919	0.815134
15.28	0.00958995	0.795994
15.29	0.00962975	0.776775
15.3	0.00966859	0.757476
15.31	0.00970646	0.738101
15.32	0.00974337	0.718651
15.33	0.0097793	0.699128
15.34	0.00981426	0.679534
15.35	0.00984824	0.659872
15.36	0.00988123	0.640142
15.37	0.00991324	0.620347
15.38	0.00994425	0.60049
15.39	0.00997428	0.580571
15.4	0.0100033	0.560593
15.41	0.0100313	0.540558
15.42	0.0100584	0.520469
15.43	0.0100844	0.500326
15.44	0.0101094	0.480132
15.45	0.0101334	0.459889
15.46	0.0101564	0.439599
15.47	0.0101784	0.419264
15.48	0.0101994	0.398886
15.49	0.0102193	0.378467
15.5	0.0102382	0.358009
15.51	0.0102561	0.337515
15.52	0.010273	0.316986
15.53	0.0102888	0.296424
15.54	0.0103037	0.275831
15.55	0.0103175	0.25521
15.56	0.0103302	0.234562
15.57	0.0103419	0.213889
15.58	0.0103526	0.193195
15.59	0.0103623	0.17248
15.6	0.0103709	0.151746
15.61	0.0103785	0.130997
15.62	0.0103851	0.110233
15.63	0.0103906	0.089457
15.64	0.010395	0.0686712
15.65	0.0103985	0.0478775
15.66	0.0104009	0.027078
15.67	0.0104022	0.00627469
15.68	0.0104025	-0.0145303
15.69	0.0104018	-0.0353348
15.7	0.0104	-0.0561368
15.71	0.0103972	-0.0769343
15.72	0.0103934	-0.0977251
15.73	0.0103885	-0.118507
15.74	0.0103826	-0.139278
15.75	0.0103756	-0.160037
15.76	0.0103676	-0.18078
15.77	0.0103586	-0.201507
15.78	0.0103485	-0.222214
15.79	0.0103374	-0.2429
15.8	0.0103252	-0.263563
15.81	0.0103121	-0.2842
15.82	0.0102979	-0.30481
15.83	0.0102826	-0.325391
15.84	0.0102663	-0.34594
15.85	0.010249	-0.366456
15.86	0.0102307	-0.386936
15.87	0.0102114	-0.407378
15.88	0.010191	-0.42778
15.89	0.0101696	-0.448141
15.9	0.0101472	-0.468458
15.91	0.0101238	-0.488729
15.92	0.0100994	-0.508953
15.93	0.0100739	-0.529126
15.94	0.0100474	-0.549248
15.95	0.01002	-0.569315
15.96	0.00999152	-0.589327
15.97	0.00996205	-0.609281
15.98	0.00993159	-0.629174
15.99	0.00990013	-0.649006
16	0.00986768	-0.668774
16.01	0.00983424	-0.688476
16.02	0.00979982	-0.708111
16.03	0.00976441	-0.727675
16.04	0.00972803	-0.747168
16.05	0.00969067	-0.766586
16.06	0.00965234	-0.78593
16.07	0.00961304	-0.805195
16.08	0.00957278	-0.824381
16.09	0.00953156	-0.843486
16.1	0.00948939	-0.862507
16.11	0.00944626	-0.881443
16.12	0.00940219	-0.900291
16.13	0.00935717	-0.919051
16.14	0.00931122	-0.937719
16.15	0.00926433	-0.956295
16.16	0.00921652	-0.974776
16.17	0.00916778	-0.99316
16.18	0.00911812	-1.01145
16.19	0.00906755	-1.02963
16.2	0.00901607	-1.04772
16.21	0.00896368	-1.0657
16.22	0.00891039	-1.08357
16.23	0.00885622	-1.10134
16.24	0.00880115	-1.11899
16.25	0.0087452	-1.13654
16.26	0.00868837	-1.15397
16.27	0.00863067	-1.17129
16.28	0.00857211	-1.1885
16.29	0.00851268	-1.20558
16.3	0.0084524	-1.22255
16.31	0.00839127	-1.23939
16.32	0.0083293	-1.25611
16.33	0.0082665	-1.27271
16.34	0.00820286	-1.28918
16.35	0.0081384	-1.30552
16.36	0.00807313	-1.32173
16.37	0.00800704	-1.33781
16.38	0.00794015	-1.35376
16.39	0.00787246	-1.36957
16.4	0.00780398	-1.38525
16.41	0.00773472	-1.40079
16.42	0.00766468	-1.41619
16.43	0.00759387	-1.43144
16.44	0.00752229	-1.44656
16.45	0.00744997	-1.46153
16.46	0.00737689	-1.47636
16.47	0.00730307	-1.49104
16.48	0.00722852	-1.50557
16.49	0.00715324	-1.51995
16.5	0.00707724	-1.53418
16.51	0.00700053	-1.54826
16.52	0.00692312	-1.56219
16.53	0.00684501	-1.57595
16.54	0.00676621	-1.58957
16.55	0.00668673	-1.60302
16.56	0.00660658	-1.61631
16.57	0.00652576	-1.62944
16.58	0.00644429	-1.64241
16.59	0.00636217	-1.65522
16.6	0.0062794	-1.66786
16.61	0.00619601	-1.68034
16.62	0.00611199	-1.69265
16.63	0.00602736	-1.70479
16.64	0.00594212	-1.71675
16.65	0.00585628	-1.72855
16.66	0.00576985	-1.74018
16.67	0.00568284	-1.75163
16.68	0.00559526	-1.76291
16.69	0.00550712	-1.77401
16.7	0.00541841	-1.78494
16.71	0.00532917	-1.79569
16.72	0.00523938	-1.80626
16.73	0.00514907	-1.81664
16.74	0.00505823	-1.82685
16.75	0.00496689	-1.83688
16.76	0.00487505	-1.84672
16.77	0.00478271	-1.85638
16.78	0.00468989	-1.86585
16.79	0.0045966	-1.87514
16.8	0.00450284	-1.88423
16.81	0.00440863	-1.89315
16.82	0.00431397	-1.90187
16.83	0.00421887	-1.9104
16.84	0.00412335	-1.91874
16.85	0.00402742	-1.9269
16.86	0.00393107	-1.93485
16.87	0.00383433	-1.94262
16.88	0.00373719	-1.95019
16.89	0.00363968	-1.95757
16.9	0.00354181	-1.96475
16.91	0.00344357	-1.97173
16.92	0.00334498	-1.97852
16.93	0.00324605	-1.98511
16.94	0.0031468	-1.99151
16.95	0.00304722	-1.9977
16.96	0.00294733	-2.0037
16.97	0.00284715	-2.00949
16.98	0.00274667	-2.01508
16.99	0.00264592	-2.02048
17	0.00254489	-2.02567
17.01	0.00244361	-2.03066
17.02	0.00234208	-2.03544
17.03	0.0022403	-2.04002
17.04	0.0021383	-2.0444
17.05	0.00203608	-2.04858
17.06	0.00193365	-2.05255
17.07	0.00183102	-2.05631
17.08	0.0017282	-2.05987
17.09	0.00162521	-2.06322
17.1	0.00152205	-2.06637
17.11	0.00141873	-2.06931
17.12	0.00131526	-2.07205
17.13	0.00121166	-2.07457
17.14	0.00110793	-2.07689
17.15	0.00100408	-2.07901
17.16	0.000900133	-2.08091
17.17	0.000796087	-2.08261
17.18	0.000691955	-2.08409
17.19	0.00058775	-2.08537
17.2	0.00048348	-2.08644
17.21	0.000379157	-2.08731
17.22	0.000274791	-2.08796
17.23	0.000170392	-2.08841
17.24	6.59708e-05	-2.08864
17.25	-3.84622e-05	-2.08867
17.26	-0.000142897	-2.08849
17.27	-0.000247322	-2.0881
17.28	-0.000351728	-2.0875
17.29	-0.000456104	-2.08669
17.3	-0.000560439	-2.08568
17.31	-0.000664724	-2.08445
17.32	-0.000768947	-2.08302
17.33	-0.000873099	-2.08137
17.34	-0.000977168	-2.07952
17.35	-0.00108115	-2.07747
17.36	-0.00118502	-2.0752
17.37	-0.00128878	-2.07273
17.38	-0.00139242	-2.07004
17.39	-0.00149592	-2.06716
17.4	-0.00159928	-2.06406
17.41	-0.00170248	-2.06076
17.42	-0.00180552	-2.05725
17.43	-0.00190839	-2.05354
17.44	-0.00201106	-2.04962
17.45	-0.00211355	-2.04549
17.46	-0.00221582	-2.04116
17.47	-0.00231788	-2.03663
17.48	-0.00241971	-2.03189
17.49	-0.00252131	-2.02695
17.5	-0.00262266	-2.02181
17.51	-0.00272375	-2.01646
17.52	-0.00282457	-2.01091
17.53	-0.00292512	-2.00516
17.54	-0.00302538	-1.99921
17.55	-0.00312534	-1.99306
17.56	-0.00322499	-1.98671
17.57	-0.00332433	-1.98016
17.58	-0.00342334	-1.97341
17.59	-0.00352201	-1.96647
17.6	-0.00362033	-1.95933
17.61	-0.0037183	-1.95199
17.62	-0.0038159	-1.94445
17.63	-0.00391312	-1.93672
17.64	-0.00400996	-1.9288
17.65	-0.0041064	-1.92068
17.66	-0.00420244	-1.91238
17.67	-0.00429806	-1.90388
17.68	-0.00439325	-1.89518
17.69	-0.00448801	-1.8863
17.7	-0.00458233	-1.87723
17.71	-0.00467619	-1.86797
17.72	-0.00476959	-1.85853
17.73	-0.00486252	-1.8489
17.74	-0.00495496	-1.83908
17.75	-0.00504692	-1.82908
17.76	-0.00513837	-1.81889
17.77	-0.00522932	-1.80852
17.78	-0.00531974	-1.79797
17.79	-0.00540964	-1.78724
17.8	-0.005499	-1.77634
17.81	-0.00558782	-1.76525
17.82	-0.00567609	-1.75398
17.83	-0.00576379	-1.74254
17.84	-0.00585091	-1.73093
17.85	-0.00593746	-1.71914
17.86	-0.00602342	-1.70718
17.87	-0.00610878	-1.69505
17.88	-0.00619353	-1.68275
17.89	-0.00627767	-1.67027
17.9	-0.00636118	-1.65764
17.91	-0.00644407	-1.64483
17.92	-0.00652631	-1.63186
17.93	-0.0066079	-1.61873
17.94	-0.00668884	-1.60543
17.95	-0.00676911	-1.59197
17.96	-0.00684871	-1.57835
17.97	-0.00692763	-1.56458
17.98	-0.00700586	-1.55064
17.99	-0.00708339	-1.53655
18	-0.00716022	-1.52231
18.01	-0.00723633	-1.50791
18.02	-0.00731173	-1.49336
18.03	-0.0073864	-1.47867
18.04	-0.00746033	-1.46382
18.05	-0.00753353	-1.44883
18.06	-0.00760597	-1.43369
18.07	-0.00767765	-1.4184
18.08	-0.00774857	-1.40298
18.09	-0.00781872	-1.38741
18.1	-0.00788809	-1.3717
18.11	-0.00795668	-1.35586
18.12	-0.00802447	-1.33987
18.13	-0.00809147	-1.32376
18.14	-0.00815765	-1.30751
18.15	-0.00822303	-1.29113
18.16	-0.00828759	-1.27462
18.17	-0.00835132	-1.25798
18.18	-0.00841422	-1.24121
18.19	-0.00847628	-1.22432
18.2	-0.0085375	-1.20731
18.21	-0.00859786	-1.19017
18.22	-0.00865737	-1.17292
18.23	-0.00871602	-1.15554
18.24	-0.0087738	-1.13805
18.25	-0.0088307	-1.12045
18.26	-0.00888672	-1.10273
18.27	-0.00894186	-1.0849
18.28	-0.0089961	-1.06697
18.29	-0.00904945	-1.04892
18.3	-0.0091019	-1.03077
18.31	-0.00915344	-1.01251
18.32	-0.00920406	-0.994155
18.33	-0.00925377	-0.975697
18.34	-0.00930256	-0.957141
18.35	-0.00935041	-0.938487
18.36	-0.00939734	-0.91974
18.37	-0.00944333	-0.900899
18.38	-0.00948837	-0.881967
18.39	-0.00953247	-0.862946
18.4	-0.00957562	-0.843838
18.41	-0.00961781	-0.824644
18.42	-0.00965904	-0.805367
18.43	-0.00969931	-0.786008
18.44	-0.00973861	-0.76657
18.45	-0.00977694	-0.747055
18.46	-0.00981429	-0.727463
18.47	-0.00985067	-0.707798
18.48	-0.00988606	-0.688061
18.49	-0.00992046	-0.668255
18.5	-0.00995387	-0.64838
18.51	-0.00998629	-0.62844
18.52	-0.0100177	-0.608436
18.53	-0.0100481	-0.58837
18.54	-0.0100776	-0.568244
18.55	-0.010106	-0.54806
18.56	-0.0101334	-0.52782
18.57	-0.0101598	-0.507527
18.58	-0.0101851	-0.487182
18.59	-0.0102095	-0.466787
18.6	-0.0102328	-0.446345
18.61	-0.0102552	-0.425857
18.62	-0.0102764	-0.405325
18.63	-0.0102967	-0.384752
18.64	-0.010316	-0.364139
18.65	-0.0103342	-0.343488
18.66	-0.0103513	-0.322803
18.67	-0.0103675	-0.302084
18.68	-0.0103826	-0.281334
18.69	-0.0103966	-0.260554
18.7	-0.0104097	-0.239748
18.71	-0.0104217	-0.218916
18.72	-0.0104326	-0.198062
18.73	-0.0104425	-0.177186
18.74	-0.0104514	-0.156292
18.75	-0.0104592	-0.135382
18.76	-0.010466	-0.114456
18.77	-0.0104717	-0.0935185
18.78	-0.0104764	-0.0725703
18.79	-0.01048	-0.0516138
18.8	-0.0104826	-0.0306511
18.81	-0.0104841	-0.00968428
18.82	-0.0104846	0.0112846
18.83	-0.010484	0.0322533
18.84	-0.0104824	0.0532199
18.85	-0.0104797	0.0741822
18.86	-0.010476	0.0951382
18.87	-0.0104713	0.116086
18.88	-0.0104655	0.137023
18.89	-0.0104586	0.157947
18.9	-0.0104507	0.178856
18.91	-0.0104418	0.199749
18.92	-0.0104318	0.220623
18.93	-0.0104208	0.241475
18.94	-0.0104087	0.262305
18.95	-0.0103956	0.28311
18.96	-0.0103814	0.303887
18.97	-0.0103662	0.324634
18.98	-0.01035	0.345351
18.99	-0.0103327	0.366034
19	-0.0103144	0.386681
19.01	-0.0102951	0.407291
19.02	-0.0102747	0.427861
19.03	-0.0102533	0.448389
19.04	-0.0102309	0.468873
19.05	-0.0102075	0.489312
19.06	-0.010183	0.509702
19.07	-0.0101575	0.530043
19.08	-0.010131	0.550332
19.09	-0.0101035	0.570566
19.1	-0.010075	0.590745
19.11	-0.0100454	0.610866
19.12	-0.0100149	0.630926
19.13	-0.00998333	0.650924
19.14	-0.00995079	0.670859
19.15	-0.00991724	0.690727
19.16	-0.00988271	0.710527
19.17	-0.00984718	0.730257
19.18	-0.00981067	0.749915
19.19	-0.00977317	0.769499
19.2	-0.0097347	0.789007
19.21	-0.00969525	0.808437
19.22	-0.00965482	0.827788
19.23	-0.00961343	0.847056
19.24	-0.00957108	0.866241
19.25	-0.00952777	0.88534
19.26	-0.0094835	0.904351
19.27	-0.00943828	0.923273
19.28	-0.00939212	0.942104
19.29	-0.00934501	0.960841
19.3	-0.00929697	0.979483
19.31	-0.009248	0.998028
19.32	-0.00919809	1.01647
19.33	-0.00914727	1.03482
19.34	-0.00909553	1.05306
19.35	-0.00904287	1.0712
19.36	-0.00898931	1.08923
19.37	-0.00893485	1.10716
19.38	-0.00887949	1.12497
19.39	-0.00882324	1.14268
19.4	-0.00876611	1.16026
19.41	-0.0087081	1.17774
19.42	-0.00864921	1.1951
19.43	-0.00858945	1.21234
19.44	-0.00852884	1.22945
19.45	-0.00846736	1.24645
19.46	-0.00840504	1.26332
19.47	-0.00834187	1.28007
19.48	-0.00827787	1.29669
19.49	-0.00821303	1.31318
19.5	-0.00814737	1.32954
19.51	-0.0080809	1.34577
19.52	-0.00801361	1.36186
19.53	-0.00794551	1.37782
19.54	-0.00787662	1.39365
19.55	-0.00780694	1.40933
19.56	-0.00773647	1.42487
19.57	-0.00766523	1.44027
19.58	-0.00759321	1.45553
19.59	-0.00752044	1.47065
19.6	-0.0074469	1.48561
19.61	-0.00737262	1.50043
19.62	-0.0072976	1.5151
19.63	-0.00722184	1.52962
19.64	-0.00714536	1.54399
19.65	-0.00706816	1.55821
19.66	-0.00699025	1.57226
19.67	-0.00691164	1.58617
19.68	-0.00683233	1.59991
19.69	-0.00675233	1.61349
19.7	-0.00667166	1.62692
19.71	-0.00659031	1.64018
19.72	-0.0065083	1.65328
19.73	-0.00642563	1.66621
19.74	-0.00634232	1.67898
19.75	-0.00625837	1.69158
19.76	-0.00617379	1.70401
19.77	-0.00608859	1.71628
19.78	-0.00600278	1.72837
19.79	-0.00591636	1.74029
19.8	-0.00582934	1.75203
19.81	-0.00574174	1.7636
19.82	-0.00565356	1.775
19.83	-0.00556481	1.78622
19.84	-0.0054755	1.79726
19.85	-0.00538563	1.80812
19.86	-0.00529523	1.8188
19.87	-0.00520429	1.8293
19.88	-0.00511282	1.83962
19.89	-0.00502084	1.84975
19.9	-0.00492835	1.8597
19.91	-0.00483536	1.86946
19.92	-0.00474189	1.87904
19.93	-0.00464794	1.88843
19.94	-0.00455352	1.89763
19.95	-0.00445863	1.90665
19.96	-0.0043633	1.91547
19.97	-0.00426753	1.9241
19.98	-0.00417132	1.93254
19.99	-0.00407469	1.94078

