0	-0.00794864	0.050018
0.01	-0.00579132	0.0500317
0.02	-0.0035228	0.0500411
0.03	-0.00113762	0.0500457
0.04	0.00136997	0.0500455
0.05	0.00400598	0.0500402
0.06	0.00677673	0.0500294
0.07	0.00968882	0.050013
0.08	0.0127492	0.0499906
0.09	0.0159651	0.0499619
0.1	0.0193441	0.0499266
0.11	0.0228941	0.0498844
0.12	0.0266235	0.0498349
0.13	0.030541	0.0497778
0.14	0.0346557	0.0497126
0.15	0.0389769	0.049639
0.16	0.0435147	0.0495565
0.17	0.0482793	0.0494648
0.18	0.0532815	0.0493633
0.19	0.0585325	0.0492515
0.2	0.0640438	0.049129
0.21	0.0698276	0.0489951
0.22	0.0758963	0.0488495
0.23	0.0822628	0.0486914
0.24	0.0889405	0.0485202
0.25	0.0959431	0.0483354
0.26	0.103285	0.0481362
0.27	0.11098	0.047922
0.28	0.119043	0.047692
0.29	0.12749	0.0474456
0.3	0.136335	0.0471818
0.31	0.145593	0.0469
0.32	0.15528	0.0465992
0.33	0.165412	0.0462785
0.34	0.176002	0.0459372
0.35	0.187065	0.0455742
0.36	0.198616	0.0451886
0.37	0.210666	0.0447794
0.38	0.223229	0.0443456
0.39	0.236315	0.0438862
0.4	0.249932	0.0434
0.41	0.264089	0.0428861
0.42	0.278789	0.0423433
0.43	0.294035	0.0417706
0.44	0.309826	0.0411668
0.45	0.326158	0.0405309
0.46	0.343022	0.0398618
0.47	0.360406	0.0391585
0.48	0.378291	0.0384198
0.49	0.396655	0.037645
0.5	0.415469	0.0368329
0.51	0.434701	0.0359828
0.52	0.454309	0.0350939
0.53	0.474248	0.0341654
0.54	0.494466	0.0331967
0.55	0.514905	0.0321873
0.56	0.535502	0.031137
0.57	0.556189	0.0300453
0.58	0.576895	0.0289122
0.59	0.597545	0.0277377
0.6	0.618062	0.0265221
0.61	0.638367	0.0252656
0.62	0.658385	0.0239688
0.63	0.678039	0.0226323
0.64	0.697257	0.021257
0.65	0.71597	0.0198436
0.66	0.734117	0.0183935
0.67	0.75164	0.0169076
0.68	0.768492	0.0153873
0.69	0.78463	0.0138341
0.7	0.800023	0.0122493
0.71	0.814646	0.0106345
0.72	0.828483	0.00899126
0.73	0.841526	0.00732112
0.74	0.853775	0.00562569
0.75	0.865235	0.00390654
0.76	0.87592	0.00216526
0.77	0.885847	0.000403369
0.78	0.895039	-0.00137764
0.79	0.903521	-0.00317631
0.8	0.911324	-0.00499127
0.81	0.918479	-0.00682118
0.82	0.925018	-0.00866477
0.83	0.930976	-0.0105209
0.84	0.936386	-0.0123883
0.85	0.941283	-0.0142661
0.86	0.9457	-0.0161531
0.87	0.94967	-0.0180486
0.88	0.953224	-0.0199515
0.89	0.956393	-0.0218612
0.9	0.959206	-0.0237769
0.91	0.961691	-0.0256978
0.92	0.963872	-0.0276234
0.93	0.965775	-0.0295531
0.94	0.967422	-0.0314863
0.95	0.968834	-0.0334226
0.96	0.970031	-0.0353615
0.97	0.971031	-0.0373026
0.98	0.97185	-0.0392455
0.99	0.972505	-0.0411899
1	0.97301	-0.0431355
1.01	0.973377	-0.0450819
1.02	0.97362	-0.0470289
1.03	0.973747	-0.0489763
1.04	0.973771	-0.0509238
1.05	0.973699	-0.0528713
1.06	0.973541	-0.0548185
1.07	0.973303	-0.0567654
1.08	0.972994	-0.0587117
1.09	0.972619	-0.0606573
1.1	0.972183	-0.0626021
1.11	0.971693	-0.064546
1.12	0.971153	-0.0664889
1.13	0.970568	-0.0684306
1.14	0.969941	-0.0703711
1.15	0.969275	-0.0723104
1.16	0.968575	-0.0742482
1.17	0.967843	-0.0761846
1.18	0.967082	-0.0781196
1.19	0.966294	-0.0800529
1.2	0.965482	-0.0819847
1.21	0.964647	-0.0839149
1.22	0.963791	-0.0858433
1.23	0.962916	-0.08777
1.24	0.962024	-0.089695
1.25	0.961115	-0.0916181
1.26	0.960192	-0.0935394
1.27	0.959254	-0.0954588
1.28	0.958304	-0.0973764
1.29	0.957342	-0.0992921
1.3	0.956368	-0.101206
1.31	0.955385	-0.103118
1.32	0.954392	-0.105027
1.33	0.953389	-0.106935
1.34	0.952379	-0.108841
1.35	0.95136	-0.110745
1.36	0.950334	-0.112646
1.37	0.949301	-0.114546
1.38	0.948261	-0.116443
1.39	0.947215	-0.118339
1.4	0.946163	-0.120232
1.41	0.945106	-0.122124
1.42	0.944042	-0.124013
1.43	0.942974	-0.1259
1.44	0.941901	-0.127785
1.45	0.940823	-0.129667
1.46	0.93974	-0.131548
1.47	0.938652	-0.133426
1.48	0.937561	-0.135303
1.49	0.936465	-0.137177
1.5	0.935365	-0.139048
1.51	0.934261	-0.140918
1.52	0.933153	-0.142785
1.53	0.932041	-0.144651
1.54	0.930925	-0.146514
1.55	0.929806	-0.148374
1.56	0.928683	-0.150233
1.57	0.927557	-0.152089
1.58	0.926427	-0.153943
1.59	0.925293	-0.155795
1.6	0.924156	-0.157644
1.61	0.923015	-0.159491
1.62	0.921871	-0.161336
1.63	0.920724	-0.163179
1.64	0.919573	-0.165019
1.65	0.918419	-0.166857
1.66	0.917261	-0.168693
1.67	0.9161	-0.170526
1.68	0.914936	-0.172357
1.69	0.913768	-0.174186
1.7	0.912597	-0.176012
1.71	0.911422	-0.177836
1.72	0.910245	-0.179658
1.73	0.909063	-0.181477
1.74	0.907879	-0.183294
1.75	0.90669	-0.185109
1.76	0.905499	-0.186921
1.77	0.904304	-0.188731
1.78	0.903105	-0.190538
1.79	0.901903	-0.192343
1.8	0.900698	-0.194146
1.81	0.899489	-0.195946
1.82	0.898276	-0.197744
1.83	0.89706	-0.199539
1.84	0.89584	-0.201332
1.85	0.894617	-0.203122
1.86	0.89339	-0.20491
1.87	0.892159	-0.206696
1.88	0.890925	-0.208479
1.89	0.889687	-0.21026
1.9	0.888445	-0.212038
1.91	0.8872	-0.213814
1.92	0.88595	-0.215587
1.93	0.884697	-0.217357
1.94	0.88344	-0.219125
1.95	0.882179	-0.220891
1.96	0.880914	-0.222654
1.97	0.879645	-0.224415
1.98	0.878372	-0.226173
1.99	0.877095	-0.227928
2	0.875814	-0.229681
2.01	0.874529	-0.231431
2.02	0.87324	-0.233179
2.03	0.871947	-0.234924
2.04	0.870649	-0.236667
2.05	0.869347	-0.238407
2.06	0.868041	-0.240144
2.07	0.86673	-0.241879
2.08	0.865415	-0.243611
2.09	0.864096	-0.245341
2.1	0.862772	-0.247068
2.11	0.861444	-0.248792
2.12	0.860111	-0.250513
2.13	0.858773	-0.252232
2.14	0.857431	-0.253949
2.15	0.856084	-0.255662
2.16	0.854733	-0.257373
2.17	0.853376	-0.259081
2.18	0.852015	-0.260786
2.19	0.850649	-0.262489
2.2	0.849278	-0.264189
2.21	0.847901	-0.265886
2.22	0.84652	-0.267581
2.23	0.845134	-0.269272
2.24	0.843743	-0.270961
2.25	0.842346	-0.272647
2.26	0.840944	-0.274331
2.27	0.839537	-0.276011
2.28	0.838124	-0.277689
2.29	0.836706	-0.279363
2.3	0.835283	-0.281035
2.31	0.833853	-0.282705
2.32	0.832419	-0.284371
2.33	0.830978	-0.286034
2.34	0.829532	-0.287695
2.35	0.82808	-0.289352
2.36	0.826622	-0.291007
2.37	0.825158	-0.292659
2.38	0.823688	-0.294308
2.39	0.822212	-0.295954
2.4	0.82073	-0.297597
2.41	0.819241	-0.299237
2.42	0.817746	-0.300874
2.43	0.816245	-0.302508
2.44	0.814737	-0.304139
2.45	0.813223	-0.305766
2.46	0.811702	-0.307391
2.47	0.810174	-0.309013
2.48	0.808639	-0.310632
2.49	0.807098	-0.312248
2.5	0.805549	-0.31386
2.51	0.803994	-0.31547
2.52	0.802431	-0.317076
2.53	0.800861	-0.31868
2.54	0.799284	-0.32028
2.55	0.797699	-0.321877
2.56	0.796106	-0.323471
2.57	0.794506	-0.325061
2.58	0.792898	-0.326649
2.59	0.791283	-0.328233
2.6	0.789659	-0.329814
2.61	0.788027	-0.331392
2.62	0.786387	-0.332966
2.63	0.784739	-0.334537
2.64	0.783082	-0.336105
2.65	0.781416	-0.337669
2.66	0.779742	-0.339231
2.67	0.778059	-0.340788
2.68	0.776367	-0.342343
2.69	0.774666	-0.343894
2.7	0.772956	-0.345441
2.71	0.771237	-0.346986
2.72	0.769508	-0.348526
2.73	0.767769	-0.350064
2.74	0.766021	-0.351597
2.75	0.764262	-0.353128
2.76	0.762494	-0.354654
2.77	0.760715	-0.356178
2.78	0.758926	-0.357697
2.79	0.757126	-0.359213
2.8	0.755315	-0.360726
2.81	0.753494	-0.362235
2.82	0.751661	-0.36374
2.83	0.749818	-0.365241
2.84	0.747962	-0.366739
2.85	0.746095	-0.368233
2.86	0.744216	-0.369723
2.87	0.742326	-0.37121
2.88	0.740422	-0.372693
2.89	0.738507	-0.374172
2.9	0.736578	-0.375647
2.91	0.734637	-0.377118
2.92	0.732682	-0.378585
2.93	0.730714	-0.380049
2.94	0.728733	-0.381508
2.95	0.726737	-0.382964
2.96	0.724728	-0.384415
2.97	0.722704	-0.385863
2.98	0.720665	-0.387306
2.99	0.718611	-0.388745
3	0.716542	-0.39018
3.01	0.714458	-0.391611
3.02	0.712357	-0.393038
3.03	0.710241	-0.394461
3.04	0.708108	-0.395879
3.05	0.705958	-0.397293
3.06	0.703791	-0.398703
3.07	0.701606	-0.400108
3.08	0.699404	-0.401509
3.09	0.697183	-0.402906
3.1	0.694944	-0.404298
3.11	0.692685	-0.405686
3.12	0.690408	-0.407069
3.13	0.68811	-0.408447
3.14	0.685792	-0.409821
3.15	0.683453	-0.41119
3.16	0.681093	-0.412555
3.17	0.678712	-0.413915
3.18	0.676308	-0.41527
3.19	0.673882	-0.41662
3.2	0.671432	-0.417965
3.21	0.668959	-0.419306
3.22	0.666461	-0.420641
3.23	0.663938	-0.421972
3.24	0.66139	-0.423297
3.25	0.658816	-0.424617
3.26	0.656215	-0.425932
3.27	0.653586	-0.427242
3.28	0.650929	-0.428546
3.29	0.648243	-0.429846
3.3	0.645528	-0.431139
3.31	0.642783	-0.432428
3.32	0.640006	-0.433711
3.33	0.637197	-0.434988
3.34	0.634355	-0.436259
3.35	0.631479	-0.437525
3.36	0.628569	-0.438785
3.37	0.625622	-0.440039
3.38	0.62264	-0.441288
3.39	0.619619	-0.44253
3.4	0.616559	-0.443766
3.41	0.613459	-0.444996
3.42	0.610319	-0.44622
3.43	0.607135	-0.447437
3.44	0.603908	-0.448648
3.45	0.600636	-0.449853
3.46	0.597317	-0.451051
3.47	0.593951	-0.452242
3.48	0.590534	-0.453427
3.49	0.587067	-0.454604
3.5	0.583547	-0.455775
3.51	0.579972	-0.456938
3.52	0.576341	-0.458095
3.53	0.572652	-0.459244
3.54	0.568902	-0.460385
3.55	0.56509	-0.461519
3.56	0.561214	-0.462646
3.57	0.55727	-0.463764
3.58	0.553258	-0.464875
3.59	0.549173	-0.465977
3.6	0.545014	-0.467071
3.61	0.540777	-0.468157
3.62	0.53646	-0.469234
3.63	0.53206	-0.470303
3.64	0.527573	-0.471363
3.65	0.522996	-0.472413
3.66	0.518325	-0.473455
3.67	0.513556	-0.474486
3.68	0.508686	-0.475509
3.69	0.503709	-0.476521
3.7	0.498623	-0.477523
3.71	0.493421	-0.478515
3.72	0.488098	-0.479497
3.73	0.482651	-0.480468
3.74	0.477071	-0.481428
3.75	0.471355	-0.482376
3.76	0.465495	-0.483313
3.77	0.459484	-0.484238
3.78	0.453316	-0.485151
3.79	0.446983	-0.486051
3.8	0.440476	-0.486939
3.81	0.433787	-0.487813
3.82	0.426908	-0.488674
3.83	0.419827	-0.48952
3.84	0.412535	-0.490353
3.85	0.405021	-0.49117
3.86	0.397272	-0.491973
3.87	0.389276	-0.492759
3.88	0.38102	-0.49353
3.89	0.372489	-0.494283
3.9	0.363667	-0.495019
3.91	0.354538	-0.495738
3.92	0.345085	-0.496437
3.93	0.335287	-0.497118
3.94	0.325125	-0.497778
3.95	0.314577	-0.498418
3.96	0.30362	-0.499036
3.97	0.292228	-0.499632
3.98	0.280375	-0.500205
3.99	0.268031	-0.500753
4	0.255167	-0.501277
4.01	0.241748	-0.501774
4.02	0.227739	-0.502243
4.03	0.213103	-0.502684
4.04	0.197799	-0.503095
4.05	0.181785	-0.503475
4.06	0.165014	-0.503822
4.07	0.147438	-0.504134
4.08	0.129006	-0.504411
4.09	0.109664	-0.50465
4.1	0.0893565	-0.504849
4.11	0.0680239	-0.505007
4.12	0.0456064	-0.50512
4.13	0.0220424	-0.505188
4.14	-0.0027298	-0.505208
4.15	-0.0287714	-0.505176
4.16	-0.0561413	-0.505092
4.17	-0.0848945	-0.504951
4.18	-0.11508	-0.504751
4.19	-0.146737	-0.50449
4.2	-0.179893	-0.504163
4.21	-0.214561	-0.503769
4.22	-0.250732	-0.503304
4.23	-0.288373	-0.502765
4.24	-0.327421	-0.50215
4.25	-0.367782	-0.501455
4.26	-0.409319	-0.500678
4.27	-0.451858	-0.499817
4.28	-0.495181	-0.49887
4.29	-0.539028	-0.497836
4.3	-0.5831	-0.496713
4.31	-0.627069	-0.495503
4.32	-0.67058	-0.494205
4.33	-0.713271	-0.492821
4.34	-0.754784	-0.491353
4.35	-0.794776	-0.489803
4.36	-0.832942	-0.488175
4.37	-0.869021	-0.486473
4.38	-0.902805	-0.484701
4.39	-0.934149	-0.482863
4.4	-0.962971	-0.480966
4.41	-0.989247	-0.479013
4.42	-1.01301	-0.477011
4.43	-1.03433	-0.474963
4.44	-1.05332	-0.472875
4.45	-1.07013	-0.470751
4.46	-1.08492	-0.468596
4.47	-1.09784	-0.466413
4.48	-1.10908	-0.464205
4.49	-1.1188	-0.461977
4.5	-1.12717	-0.459731
4.51	-1.13433	-0.457469
4.52	-1.14044	-0.455194
4.53	-1.14561	-0.452908
4.54	-1.14997	-0.450612
4.55	-1.15363	-0.448309
4.56	-1.15667	-0.445998
4.57	-1.15917	-0.443682
4.58	-1.16122	-0.441362
4.59	-1.16287	-0.439038
4.6	-1.16418	-0.436711
4.61	-1.16519	-0.434381
4.62	-1.16595	-0.43205
4.63	-1.1665	-0.429718
4.64	-1.16686	-0.427384
4.65	-1.16706	-0.42505
4.66	-1.16712	-0.422716
4.67	-1.16706	-0.420382
4.68	-1.16691	-0.418048
4.69	-1.16667	-0.415714
4.7	-1.16635	-0.413381
4.71	-1.16598	-0.411049
4.72	-1.16554	-0.408718
4.73	-1.16507	-0.406387
4.74	-1.16455	-0.404057
4.75	-1.164	-0.401729
4.76	-1.16341	-0.399401
4.77	-1.16281	-0.397075
4.78	-1.16218	-0.39475
4.79	-1.16153	-0.392426
4.8	-1.16087	-0.390104
4.81	-1.16019	-0.387783
4.82	-1.1595	-0.385463
4.83	-1.1588	-0.383145
4.84	-1.15809	-0.380828
4.85	-1.15737	-0.378513
4.86	-1.15665	-0.376199
4.87	-1.15592	-0.373886
4.88	-1.15518	-0.371575
4.89	-1.15444	-0.369265
4.9	-1.15369	-0.366957
4.91	-1.15295	-0.364651
4.92	-1.1522	-0.362345
4.93	-1.15144	-0.360042
4.94	-1.15068	-0.35774
4.95	-1.14992	-0.355439
4.96	-1.14916	-0.35314
4.97	-1.1484	-0.350842
4.98	-1.14763	-0.348546
4.99	-1.14687	-0.346252
5	-1.1461	-0.343959
5.01	-1.14533	-0.341667
5.02	-1.14456	-0.339378
5.03	-1.14378	-0.337089
5.04	-1.14301	-0.334802
5.05	-1.14223	-0.332517
5.06	-1.14146	-0.330233
5.07	-1.14068	-0.327951
5.08	-1.1399	-0.325671
5.09	-1.13912	-0.323392
5.1	-1.13834	-0.321114
5.11	-1.13756	-0.318838
5.12	-1.13678	-0.316564
5.13	-1.13599	-0.314291
5.14	-1.13521	-0.31202
5.15	-1.13442	-0.30975
5.16	-1.13363	-0.307482
5.17	-1.13285	-0.305216
5.18	-1.13206	-0.302951
5.19	-1.13127	-0.300688
5.2	-1.13048	-0.298426
5.21	-1.12969	-0.296166
5.22	-1.12889	-0.293907
5.23	-1.1281	-0.29165
5.24	-1.12731	-0.289395
5.25	-1.12651	-0.287141
5.26	-1.12571	-0.284889
5.27	-1.12492	-0.282638
5.28	-1.12412	-0.280389
5.29	-1.12332	-0.278142
5.3	-1.12252	-0.275896
5.31	-1.12172	-0.273652
5.32	-1.12092	-0.271409
5.33	-1.12011	-0.269168
5.34	-1.11931	-0.266929
5.35	-1.1185	-0.264691
5.36	-1.1177	-0.262454
5.37	-1.11689	-0.26022
5.38	-1.11608	-0.257987
5.39	-1.11527	-0.255756
5.4	-1.11446	-0.253526
5.41	-1.11365	-0.251298
5.42	-1.11284	-0.249071
5.43	-1.11203	-0.246846
5.44	-1.11121	-0.244623
5.45	-1.1104	-0.242402
5.46	-1.10958	-0.240182
5.47	-1.10877	-0.237963
5.48	-1.10795	-0.235746
5.49	-1.10713	-0.233531
5.5	-1.10631	-0.231318
5.51	-1.10549	-0.229106
5.52	-1.10467	-0.226896
5.53	-1.10384	-0.224687
5.54	-1.10302	-0.222481
5.55	-1.10219	-0.220275
5.56	-1.10137	-0.218072
5.57	-1.10054	-0.21587
5.58	-1.09971	-0.21367
5.59	-1.09888	-0.211471
5.6	-1.09805	-0.209274
5.61	-1.09722	-0.207079
5.62	-1.09639	-0.204885
5.63	-1.09556	-0.202693
5.64	-1.09472	-0.200503
5.65	-1.09389	-0.198314
5.66	-1.09305	-0.196127
5.67	-1.09221	-0.193942
5.68	-1.09137	-0.191759
5.69	-1.09053	-0.189577
5.7	-1.08969	-0.187397
5.71	-1.08885	-0.185218
5.72	-1.088	-0.183041
5.73	-1.08716	-0.180866
5.74	-1.08631	-0.178692
5.75	-1.08547	-0.176521
5.76	-1.08462	-0.174351
5.77	-1.08377	-0.172182
5.78	-1.08292	-0.170016
5.79	-1.08207	-0.167851
5.8	-1.08121	-0.165687
5.81	-1.08036	-0.163526
5.82	-1.07951	-0.161366
5.83	-1.07865	-0.159208
5.84	-1.07779	-0.157051
5.85	-1.07693	-0.154897
5.86	-1.07607	-0.152744
5.87	-1.07521	-0.150592
5.88	-1.07435	-0.148443
5.89	-1.07349	-0.146295
5.9	-1.07262	-0.144149
5.91	-1.07176	-0.142004
5.92	-1.07089	-0.139862
5.93	-1.07002	-0.137721
5.94	-1.06915	-0.135582
5.95	-1.06828	-0.133444
5.96	-1.06741	-0.131308
5.97	-1.06654	-0.129175
5.98	-1.06566	-0.127042
5.99	-1.06479	-0.124912
6	-1.06391	-0.122783
6.01	-1.06303	-0.120656
6.02	-1.06215	-0.118531
6.03	-1.06127	-0.116408
6.04	-1.06039	-0.114286
6.05	-1.05951	-0.112166
6.06	-1.05862	-0.110048
6.07	-1.05774	-0.107932
6.08	-1.05685	-0.105817
6.09	-1.05596	-0.103704
6.1	-1.05507	-0.101593
6.11	-1.05418	-0.0994839
6.12	-1.05329	-0.0973764
6.13	-1.05239	-0.0952708
6.14	-1.0515	-0.0931669
6.15	-1.0506	-0.0910648
6.16	-1.0497	-0.0889645
6.17	-1.0488	-0.086866
6.18	-1.0479	-0.0847693
6.19	-1.047	-0.0826744
6.2	-1.0461	-0.0805813
6.21	-1.04519	-0.07849
6.22	-1.04429	-0.0764005
6.23	-1.04338	-0.0743128
6.24	-1.04247	-0.072227
6.25	-1.04156	-0.070143
6.26	-1.04065	-0.0680608
6.27	-1.03973	-0.0659804
6.28	-1.03882	-0.0639018
6.29	-1.0379	-0.0618251
6.3	-1.03698	-0.0597502
6.31	-1.03606	-0.0576772
6.32	-1.03514	-0.055606
6.33	-1.03422	-0.0535366
6.34	-1.0333	-0.0514691
6.35	-1.03237	-0.0494034
6.36	-1.03145	-0.0473396
6.37	-1.03052	-0.0452776
6.38	-1.02959	-0.0432175
6.39	-1.02866	-0.0411593
6.4	-1.02772	-0.0391029
6.41	-1.02679	-0.0370484
6.42	-1.02585	-0.0349958
6.43	-1.02492	-0.032945
6.44	-1.02398	-0.0308961
6.45	-1.02304	-0.0288491
6.46	-1.02209	-0.0268039
6.47	-1.02115	-0.0247607
6.48	-1.0202	-0.0227193
6.49	-1.01926	-0.0206799
6.5	-1.01831	-0.0186423
6.51	-1.01736	-0.0166066
6.52	-1.01641	-0.0145729
6.53	-1.01545	-0.012541
6.54	-1.0145	-0.0105111
6.55	-1.01354	-0.00848302
6.56	-1.01258	-0.0064569
6.57	-1.01162	-0.00443269
6.58	-1.01066	-0.00241041
6.59	-1.0097	-0.000390049
6.6	-1.00873	0.00162838
6.61	-1.00777	0.00364488
6.62	-1.0068	0.00565944
6.63	-1.00583	0.00767207
6.64	-1.00485	0.00968275
6.65	-1.00388	0.0116915
6.66	-1.0029	0.0136983
6.67	-1.00193	0.0157031
6.68	-1.00095	0.017706
6.69	-0.999966	0.0197069
6.7	-0.998984	0.0217058
6.71	-0.997999	0.0237028
6.72	-0.997012	0.0256978
6.73	-0.996024	0.0276909
6.74	-0.995034	0.0296819
6.75	-0.994042	0.031671
6.76	-0.993048	0.0336581
6.77	-0.992052	0.0356432
6.78	-0.991054	0.0376263
6.79	-0.990054	0.0396074
6.8	-0.989053	0.0415865
6.81	-0.988049	0.0435636
6.82	-0.987044	0.0455387
6.83	-0.986037	0.0475118
6.84	-0.985027	0.0494829
6.85	-0.984016	0.0514519
6.86	-0.983003	0.0534189
6.87	-0.981987	0.0553839
6.88	-0.98097	0.0573469
6.89	-0.979951	0.0593078
6.9	-0.978929	0.0612667
6.91	-0.977906	0.0632235
6.92	-0.97688	0.0651783
6.93	-0.975853	0.067131
6.94	-0.974823	0.0690817
6.95	-0.973791	0.0710303
6.96	-0.972758	0.0729769
6.97	-0.971722	0.0749213
6.98	-0.970684	0.0768637
6.99	-0.969643	0.0788041
7	-0.968601	0.0807423
7.01	-0.967556	0.0826785
7.02	-0.966509	0.0846125
7.03	-0.96546	0.0865445
7.04	-0.964409	0.0884744
7.05	-0.963356	0.0904021
7.06	-0.9623	0.0923278
7.07	-0.961242	0.0942513
7.08	-0.960181	0.0961728
7.09	-0.959119	0.0980921
7.1	-0.958054	0.100009
7.11	-0.956987	0.101924
7.12	-0.955917	0.103837
7.13	-0.954845	0.105748
7.14	-0.953771	0.107657
7.15	-0.952694	0.109563
7.16	-0.951615	0.111467
7.17	-0.950533	0.113369
7.18	-0.949449	0.115269
7.19	-0.948363	0.117167
7.2	-0.947274	0.119063
7.21	-0.946182	0.120956
7.22	-0.945088	0.122848
7.23	-0.943992	0.124737
7.24	-0.942893	0.126624
7.25	-0.941791	0.128508
7.26	-0.940687	0.130391
7.27	-0.93958	0.132271
7.28	-0.938471	0.134149
7.29	-0.937359	0.136025
7.3	-0.936244	0.137899
7.31	-0.935126	0.13977
7.32	-0.934006	0.141639
7.33	-0.932883	0.143506
7.34	-0.931758	0.145371
7.35	-0.93063	0.147233
7.36	-0.929498	0.149093
7.37	-0.928364	0.150951
7.38	-0.927228	0.152807
7.39	-0.926088	0.15466
7.4	-0.924946	0.156511
7.41	-0.9238	0.15836
7.42	-0.922652	0.160206
7.43	-0.921501	0.16205
7.44	-0.920346	0.163892
7.45	-0.919189	0.165732
7.46	-0.918029	0.167569
7.47	-0.916866	0.169404
7.48	-0.9157	0.171236
7.49	-0.91453	0.173067
7.5	-0.913358	0.174894
7.51	-0.912182	0.17672
7.52	-0.911003	0.178543
7.53	-0.909822	0.180364
7.54	-0.908636	0.182182
7.55	-0.907448	0.183999
7.56	-0.906256	0.185812
7.57	-0.905062	0.187624
7.58	-0.903863	0.189432
7.59	-0.902662	0.191239
7.6	-0.901457	0.193043
7.61	-0.900249	0.194845
7.62	-0.899037	0.196644
7.63	-0.897822	0.198441
7.64	-0.896603	0.200235
7.65	-0.895381	0.202027
7.66	-0.894155	0.203817
7.67	-0.892926	0.205604
7.68	-0.891693	0.207389
7.69	-0.890456	0.209171
7.7	-0.889216	0.21095
7.71	-0.887972	0.212728
7.72	-0.886724	0.214502
7.73	-0.885473	0.216275
7.74	-0.884218	0.218044
7.75	-0.882958	0.219811
7.76	-0.881695	0.221576
7.77	-0.880429	0.223338
7.78	-0.879158	0.225098
7.79	-0.877883	0.226855
7.8	-0.876604	0.228609
7.81	-0.875321	0.230361
7.82	-0.874034	0.232111
7.83	-0.872743	0.233857
7.84	-0.871447	0.235602
7.85	-0.870148	0.237343
7.86	-0.868844	0.239082
7.87	-0.867536	0.240818
7.88	-0.866223	0.242552
7.89	-0.864906	0.244283
7.9	-0.863585	0.246012
7.91	-0.862259	0.247738
7.92	-0.860929	0.249461
7.93	-0.859594	0.251181
7.94	-0.858255	0.252899
7.95	-0.856911	0.254614
7.96	-0.855562	0.256327
7.97	-0.854208	0.258037
7.98	-0.85285	0.259744
7.99	-0.851486	0.261448
8	-0.850118	0.26315
8.01	-0.848745	0.264849
8.02	-0.847367	0.266545
8.03	-0.845984	0.268238
8.04	-0.844596	0.269929
8.05	-0.843202	0.271616
8.06	-0.841803	0.273301
8.07	-0.840399	0.274984
8.08	-0.83899	0.276663
8.09	-0.837575	0.27834
8.1	-0.836155	0.280013
8.11	-0.834729	0.281684
8.12	-0.833298	0.283352
8.13	-0.831861	0.285017
8.14	-0.830418	0.28668
8.15	-0.828969	0.288339
8.16	-0.827515	0.289996
8.17	-0.826055	0.291649
8.18	-0.824588	0.2933
8.19	-0.823116	0.294947
8.2	-0.821637	0.296592
8.21	-0.820153	0.298234
8.22	-0.818662	0.299873
8.23	-0.817164	0.301509
8.24	-0.81566	0.303141
8.25	-0.81415	0.304771
8.26	-0.812633	0.306398
8.27	-0.811109	0.308022
8.28	-0.809579	0.309642
8.29	-0.808042	0.31126
8.3	-0.806498	0.312875
8.31	-0.804946	0.314486
8.32	-0.803388	0.316094
8.33	-0.801822	0.3177
8.34	-0.80025	0.319302
8.35	-0.798669	0.320901
8.36	-0.797081	0.322496
8.37	-0.795486	0.324089
8.38	-0.793883	0.325678
8.39	-0.792272	0.327264
8.4	-0.790653	0.328847
8.41	-0.789026	0.330427
8.42	-0.787391	0.332004
8.43	-0.785748	0.333577
8.44	-0.784096	0.335146
8.45	-0.782436	0.336713
8.46	-0.780767	0.338276
8.47	-0.77909	0.339836
8.48	-0.777403	0.341393
8.49	-0.775708	0.342946
8.5	-0.774003	0.344495
8.51	-0.77229	0.346042
8.52	-0.770566	0.347585
8.53	-0.768834	0.349124
8.54	-0.767091	0.35066
8.55	-0.765339	0.352192
8.56	-0.763577	0.353721
8.57	-0.761804	0.355247
8.58	-0.760021	0.356768
8.59	-0.758228	0.358287
8.6	-0.756424	0.359801
8.61	-0.754609	0.361312
8.62	-0.752784	0.36282
8.63	-0.750947	0.364324
8.64	-0.749098	0.365824
8.65	-0.747239	0.36732
8.66	-0.745367	0.368813
8.67	-0.743483	0.370301
8.68	-0.741588	0.371786
8.69	-0.73968	0.373268
8.7	-0.737759	0.374745
8.71	-0.735826	0.376219
8.72	-0.733879	0.377688
8.73	-0.731919	0.379154
8.74	-0.729946	0.380616
8.75	-0.727959	0.382074
8.76	-0.725958	0.383528
8.77	-0.723943	0.384978
8.78	-0.721913	0.386424
8.79	-0.719869	0.387865
8.8	-0.717809	0.389303
8.81	-0.715734	0.390737
8.82	-0.713644	0.392166
8.83	-0.711537	0.393591
8.84	-0.709414	0.395012
8.85	-0.707274	0.396429
8.86	-0.705118	0.397841
8.87	-0.702944	0.399249
8.88	-0.700753	0.400653
8.89	-0.698543	0.402052
8.9	-0.696315	0.403447
8.91	-0.694069	0.404838
8.92	-0.691803	0.406224
8.93	-0.689517	0.407605
8.94	-0.687212	0.408982
8.95	-0.684886	0.410354
8.96	-0.682539	0.411721
8.97	-0.680171	0.413084
8.98	-0.677781	0.414442
8.99	-0.675368	0.415795
9	-0.672933	0.417143
9.01	-0.670474	0.418487
9.02	-0.667991	0.419825
9.03	-0.665484	0.421159
9.04	-0.662951	0.422487
9.05	-0.660393	0.42381
9.06	-0.657808	0.425129
9.07	-0.655197	0.426442
9.08	-0.652557	0.427749
9.09	-0.649889	0.429052
9.1	-0.647192	0.430349
9.11	-0.644465	0.431641
9.12	-0.641708	0.432927
9.13	-0.638918	0.434207
9.14	-0.636097	0.435482
9.15	-0.633242	0.436752
9.16	-0.630353	0.438015
9.17	-0.627428	0.439273
9.18	-0.624468	0.440525
9.19	-0.621471	0.441771
9.2	-0.618435	0.443011
9.21	-0.61536	0.444245
9.22	-0.612244	0.445472
9.23	-0.609087	0.446694
9.24	-0.605887	0.447909
9.25	-0.602642	0.449117
9.26	-0.599352	0.450319
9.27	-0.596015	0.451515
9.28	-0.592629	0.452703
9.29	-0.589194	0.453885
9.3	-0.585706	0.45506
9.31	-0.582165	0.456228
9.32	-0.578569	0.457389
9.33	-0.574915	0.458542
9.34	-0.571203	0.459688
9.35	-0.567429	0.460827
9.36	-0.563592	0.461958
9.37	-0.55969	0.463081
9.38	-0.55572	0.464197
9.39	-0.55168	0.465304
9.4	-0.547566	0.466403
9.41	-0.543377	0.467494
9.42	-0.53911	0.468577
9.43	-0.534761	0.469651
9.44	-0.530327	0.470716
9.45	-0.525806	0.471772
9.46	-0.521192	0.472819
9.47	-0.516484	0.473857
9.48	-0.511676	0.474885
9.49	-0.506765	0.475903
9.5	-0.501747	0.476912
9.51	-0.496616	0.47791
9.52	-0.491368	0.478898
9.53	-0.485997	0.479875
9.54	-0.480499	0.480842
9.55	-0.474867	0.481797
9.56	-0.469096	0.482741
9.57	-0.463178	0.483674
9.58	-0.457107	0.484594
9.59	-0.450876	0.485502
9.6	-0.444476	0.486397
9.61	-0.4379	0.48728
9.62	-0.431138	0.488149
9.63	-0.424181	0.489004
9.64	-0.41702	0.489845
9.65	-0.409643	0.490672
9.66	-0.402039	0.491484
9.67	-0.394196	0.49228
9.68	-0.386101	0.49306
9.69	-0.377739	0.493824
9.7	-0.369097	0.494571
9.71	-0.360158	0.495301
9.72	-0.350905	0.496012
9.73	-0.341321	0.496704
9.74	-0.331384	0.497377
9.75	-0.321075	0.498029
9.76	-0.310371	0.498661
9.77	-0.299248	0.49927
9.78	-0.28768	0.499857
9.79	-0.27564	0.500421
9.8	-0.263097	0.50096
9.81	-0.250021	0.501473
9.82	-0.236378	0.501959
9.83	-0.22213	0.502418
9.84	-0.20724	0.502847
9.85	-0.191665	0.503246
9.86	-0.175362	0.503614
9.87	-0.158284	0.503947
9.88	-0.140382	0.504246
9.89	-0.121604	0.504508
9.9	-0.101893	0.504732
9.91	-0.0811945	0.504915
9.92	-0.0594477	0.505056
9.93	-0.0365922	0.505152
9.94	-0.0125662	0.505202
9.95	0.012692	0.505202
9.96	0.0392428	0.50515
9.97	0.0671438	0.505044
9.98	0.0964479	0.504881
9.99	0.127201	0.504657
10	0.159438	0.504371
10.01	0.193181	0.504018
10.02	0.228435	0.503597
10.03	0.265182	0.503104
10.04	0.303379	0.502535
10.05	0.342951	0.501889
10.06	0.383786	0.501163
10.07	0.425736	0.500353
10.08	0.468608	0.499459
10.09	0.512167	0.498478
10.1	0.556139	0.49741
10.11	0.600212	0.496254
10.12	0.644045	0.495009
10.13	0.687281	0.493678
10.14	0.729557	0.492261
10.15	0.770518	0.490761
10.16	0.809835	0.48918
10.17	0.847218	0.487523
10.18	0.882426	0.485793
10.19	0.915277	0.483994
10.2	0.945648	0.482133
10.21	0.97348	0.480214
10.22	0.998772	0.478241
10.23	1.02157	0.47622
10.24	1.04198	0.474156
10.25	1.0601	0.472054
10.26	1.07611	0.469917
10.27	1.09015	0.467751
10.28	1.1024	0.465558
10.29	1.11303	0.463342
10.3	1.1222	0.461107
10.31	1.13009	0.458854
10.32	1.13682	0.456587
10.33	1.14255	0.454308
10.34	1.1474	0.452017
10.35	1.15147	0.449718
10.36	1.15488	0.447412
10.37	1.1577	0.445099
10.38	1.16002	0.442782
10.39	1.1619	0.44046
10.4	1.16341	0.438134
10.41	1.1646	0.435806
10.42	1.16551	0.433476
10.43	1.16619	0.431144
10.44	1.16666	0.428811
10.45	1.16695	0.426478
10.46	1.16709	0.424144
10.47	1.16711	0.421809
10.48	1.16701	0.419475
10.49	1.16683	0.417141
10.5	1.16655	0.414808
10.51	1.16621	0.412475
10.52	1.16581	0.410143
10.53	1.16536	0.407812
10.54	1.16487	0.405482
10.55	1.16434	0.403153
10.56	1.16377	0.400824
10.57	1.16318	0.398498
10.58	1.16257	0.396172
10.59	1.16193	0.393847
10.6	1.16127	0.391524
10.61	1.1606	0.389202
10.62	1.15992	0.386882
10.63	1.15923	0.384562
10.64	1.15852	0.382245
10.65	1.15781	0.379928
10.66	1.15709	0.377614
10.67	1.15636	0.3753
10.68	1.15563	0.372988
10.69	1.15489	0.370678
10.7	1.15415	0.368368
10.71	1.1534	0.366061
10.72	1.15266	0.363755
10.73	1.1519	0.36145
10.74	1.15115	0.359147
10.75	1.15039	0.356846
10.76	1.14963	0.354546
10.77	1.14887	0.352247
10.78	1.1481	0.34995
10.79	1.14734	0.347655
10.8	1.14657	0.345361
10.81	1.1458	0.343069
10.82	1.14503	0.340778
10.83	1.14426	0.338488
10.84	1.14348	0.336201
10.85	1.14271	0.333914
10.86	1.14193	0.33163
10.87	1.14116	0.329347
10.88	1.14038	0.327065
10.89	1.1396	0.324785
10.9	1.13882	0.322507
10.91	1.13804	0.32023
10.92	1.13725	0.317955
10.93	1.13647	0.315681
10.94	1.13569	0.313409
10.95	1.1349	0.311138
10.96	1.13412	0.308869
10.97	1.13333	0.306602
10.98	1.13254	0.304336
10.99	1.13175	0.302072
11	1.13096	0.299809
11.01	1.13017	0.297548
11.02	1.12938	0.295288
11.03	1.12858	0.29303
11.04	1.12779	0.290774
11.05	1.127	0.288519
11.06	1.1262	0.286266
11.07	1.1254	0.284014
11.08	1.12461	0.281764
11.09	1.12381	0.279516
11.1	1.12301	0.277269
11.11	1.12221	0.275024
11.12	1.12141	0.27278
11.13	1.1206	0.270538
11.14	1.1198	0.268298
11.15	1.119	0.266059
11.16	1.11819	0.263822
11.17	1.11738	0.261586
11.18	1.11658	0.259352
11.19	1.11577	0.25712
11.2	1.11496	0.254889
11.21	1.11415	0.25266
11.22	1.11334	0.250433
11.23	1.11253	0.248207
11.24	1.11171	0.245983
11.25	1.1109	0.24376
11.26	1.11008	0.241539
11.27	1.10927	0.23932
11.28	1.10845	0.237102
11.29	1.10763	0.234886
11.3	1.10681	0.232671
11.31	1.10599	0.230459
11.32	1.10517	0.228247
11.33	1.10435	0.226038
11.34	1.10352	0.22383
11.35	1.1027	0.221624
11.36	1.10187	0.219419
11.37	1.10105	0.217216
11.38	1.10022	0.215015
11.39	1.09939	0.212815
11.4	1.09856	0.210617
11.41	1.09773	0.208421
11.42	1.0969	0.206227
11.43	1.09607	0.204034
11.44	1.09523	0.201842
11.45	1.0944	0.199653
11.46	1.09356	0.197465
11.47	1.09272	0.195278
11.48	1.09188	0.193094
11.49	1.09105	0.190911
11.5	1.0902	0.18873
11.51	1.08936	0.18655
11.52	1.08852	0.184372
11.53	1.08768	0.182196
11.54	1.08683	0.180021
11.55	1.08598	0.177849
11.56	1.08514	0.175678
11.57	1.08429	0.173508
11.58	1.08344	0.17134
11.59	1.08259	0.169174
11.6	1.08174	0.16701
11.61	1.08088	0.164847
11.62	1.08003	0.162686
11.63	1.07917	0.160527
11.64	1.07832	0.15837
11.65	1.07746	0.156214
11.66	1.0766	0.15406
11.67	1.07574	0.151908
11.68	1.07488	0.149757
11.69	1.07402	0.147608
11.7	1.07315	0.145461
11.71	1.07229	0.143315
11.72	1.07142	0.141172
11.73	1.07055	0.13903
11.74	1.06968	0.13689
11.75	1.06881	0.134751
11.76	1.06794	0.132614
11.77	1.06707	0.130479
11.78	1.0662	0.128346
11.79	1.06532	0.126215
11.8	1.06445	0.124085
11.81	1.06357	0.121957
11.82	1.06269	0.11983
11.83	1.06181	0.117706
11.84	1.06093	0.115583
11.85	1.06005	0.113462
11.86	1.05916	0.111343
11.87	1.05828	0.109226
11.88	1.05739	0.10711
11.89	1.0565	0.104996
11.9	1.05561	0.102884
11.91	1.05472	0.100774
11.92	1.05383	0.098665
11.93	1.05294	0.0965583
11.94	1.05204	0.0944533
11.95	1.05115	0.0923501
11.96	1.05025	0.0902487
11.97	1.04935	0.0881491
11.98	1.04845	0.0860513
11.99	1.04755	0.0839553
12	1.04665	0.0818611
12.01	1.04575	0.0797687
12.02	1.04484	0.0776781
12.03	1.04393	0.0755893
12.04	1.04302	0.0735023
12.05	1.04211	0.0714172
12.06	1.0412	0.0693339
12.07	1.04029	0.0672524
12.08	1.03938	0.0651727
12.09	1.03846	0.0630949
12.1	1.03754	0.0610189
12.11	1.03663	0.0589447
12.12	1.03571	0.0568724
12.13	1.03479	0.0548019
12.14	1.03386	0.0527332
12.15	1.03294	0.0506664
12.16	1.03201	0.0486015
12.17	1.03109	0.0465384
12.18	1.03016	0.0444771
12.19	1.02923	0.0424178
12.2	1.02829	0.0403602
12.21	1.02736	0.0383046
12.22	1.02643	0.0362508
12.23	1.02549	0.0341989
12.24	1.02455	0.0321488
12.25	1.02361	0.0301007
12.26	1.02267	0.0280544
12.27	1.02173	0.02601
12.28	1.02078	0.0239675
12.29	1.01984	0.0219269
12.3	1.01889	0.0198881
12.31	1.01794	0.0178513
12.32	1.01699	0.0158164
12.33	1.01604	0.0137834
12.34	1.01508	0.0117522
12.35	1.01413	0.00972302
12.36	1.01317	0.00769572
12.37	1.01221	0.00567034
12.38	1.01125	0.00364688
12.39	1.01029	0.00162534
12.4	1.00932	-0.000394266
12.41	1.00836	-0.00241195
12.42	1.00739	-0.00442769
12.43	1.00642	-0.0064415
12.44	1.00545	-0.00845337
12.45	1.00448	-0.0104633
12.46	1.0035	-0.0124713
12.47	1.00252	-0.0144773
12.48	1.00155	-0.0164814
12.49	1.00057	-0.0184835
12.5	0.999585	-0.0204836
12.51	0.998601	-0.0224818
12.52	0.997616	-0.024478
12.53	0.996629	-0.0264723
12.54	0.995639	-0.0284646
12.55	0.994649	-0.0304548
12.56	0.993656	-0.0324431
12.57	0.992661	-0.0344295
12.58	0.991664	-0.0364138
12.59	0.990666	-0.0383961
12.6	0.989666	-0.0403765
12.61	0.988663	-0.0423548
12.62	0.987659	-0.0443311
12.63	0.986653	-0.0463054
12.64	0.985645	-0.0482777
12.65	0.984635	-0.050248
12.66	0.983623	-0.0522163
12.67	0.982608	-0.0541825
12.68	0.981592	-0.0561467
12.69	0.980574	-0.0581089
12.7	0.979554	-0.060069
12.71	0.978532	-0.0620271
12.72	0.977508	-0.0639831
12.73	0.976481	-0.0659371
12.74	0.975453	-0.067889
12.75	0.974423	-0.0698389
12.76	0.97339	-0.0717867
12.77	0.972355	-0.0737325
12.78	0.971319	-0.0756761
12.79	0.97028	-0.0776177
12.8	0.969239	-0.0795573
12.81	0.968195	-0.0814947
12.82	0.96715	-0.08343
12.83	0.966102	-0.0853633
12.84	0.965052	-0.0872944
12.85	0.964	-0.0892235
12.86	0.962946	-0.0911504
12.87	0.961889	-0.0930753
12.88	0.96083	-0.094998
12.89	0.959769	-0.0969186
12.9	0.958705	-0.0988371
12.91	0.95764	-0.100753
12.92	0.956571	-0.102668
12.93	0.955501	-0.10458
12.94	0.954428	-0.10649
12.95	0.953353	-0.108397
12.96	0.952275	-0.110303
12.97	0.951195	-0.112207
12.98	0.950112	-0.114108
12.99	0.949028	-0.116007
13	0.94794	-0.117904
13.01	0.94685	-0.119799
13.02	0.945758	-0.121691
13.03	0.944663	-0.123582
13.04	0.943565	-0.12547
13.05	0.942465	-0.127356
13.06	0.941363	-0.12924
13.07	0.940257	-0.131121
13.08	0.93915	-0.133001
13.09	0.938039	-0.134878
13.1	0.936926	-0.136753
13.11	0.93581	-0.138626
13.12	0.934692	-0.140496
13.13	0.93357	-0.142365
13.14	0.932447	-0.144231
13.15	0.93132	-0.146094
13.16	0.93019	-0.147956
13.17	0.929058	-0.149815
13.18	0.927923	-0.151672
13.19	0.926785	-0.153527
13.2	0.925645	-0.155379
13.21	0.924501	-0.157229
13.22	0.923354	-0.159077
13.23	0.922205	-0.160923
13.24	0.921053	-0.162766
13.25	0.919897	-0.164607
13.26	0.918739	-0.166446
13.27	0.917578	-0.168282
13.28	0.916413	-0.170116
13.29	0.915246	-0.171948
13.3	0.914075	-0.173777
13.31	0.912901	-0.175604
13.32	0.911725	-0.177428
13.33	0.910545	-0.179251
13.34	0.909362	-0.181071
13.35	0.908175	-0.182888
13.36	0.906986	-0.184703
13.37	0.905793	-0.186516
13.38	0.904597	-0.188327
13.39	0.903397	-0.190135
13.4	0.902194	-0.19194
13.41	0.900988	-0.193743
13.42	0.899778	-0.195544
13.43	0.898565	-0.197342
13.44	0.897349	-0.199138
13.45	0.896129	-0.200932
13.46	0.894905	-0.202723
13.47	0.893678	-0.204511
13.48	0.892447	-0.206298
13.49	0.891213	-0.208081
13.5	0.889975	-0.209862
13.51	0.888733	-0.211641
13.52	0.887488	-0.213417
13.53	0.886239	-0.215191
13.54	0.884986	-0.216962
13.55	0.883729	-0.218731
13.56	0.882468	-0.220497
13.57	0.881204	-0.222261
13.58	0.879935	-0.224022
13.59	0.878663	-0.225781
13.6	0.877386	-0.227537
13.61	0.876106	-0.22929
13.62	0.874821	-0.231041
13.63	0.873533	-0.232789
13.64	0.87224	-0.234535
13.65	0.870943	-0.236278
13.66	0.869642	-0.238019
13.67	0.868336	-0.239757
13.68	0.867027	-0.241492
13.69	0.865712	-0.243225
13.7	0.864394	-0.244955
13.71	0.863071	-0.246683
13.72	0.861743	-0.248407
13.73	0.860411	-0.25013
13.74	0.859074	-0.251849
13.75	0.857733	-0.253566
13.76	0.856387	-0.25528
13.77	0.855037	-0.256991
13.78	0.853681	-0.2587
13.79	0.852321	-0.260406
13.8	0.850956	-0.262109
13.81	0.849585	-0.26381
13.82	0.84821	-0.265508
13.83	0.84683	-0.267203
13.84	0.845445	-0.268895
13.85	0.844055	-0.270585
13.86	0.842659	-0.272271
13.87	0.841258	-0.273955
13.88	0.839852	-0.275636
13.89	0.838441	-0.277315
13.9	0.837024	-0.27899
13.91	0.835602	-0.280663
13.92	0.834174	-0.282332
13.93	0.83274	-0.283999
13.94	0.831301	-0.285663
13.95	0.829856	-0.287325
13.96	0.828405	-0.288983
13.97	0.826948	-0.290638
13.98	0.825486	-0.292291
13.99	0.824017	-0.29394
14	0.822542	-0.295587
14.01	0.821061	-0.29723
14.02	0.819574	-0.298871
14.03	0.818081	-0.300509
14.04	0.816581	-0.302143
14.05	0.815074	-0.303775
14.06	0.813562	-0.305404
14.07	0.812042	-0.307029
14.08	0.810516	-0.308652
14.09	0.808983	-0.310271
14.1	0.807443	-0.311888
14.11	0.805896	-0.313501
14.12	0.804342	-0.315111
14.13	0.802781	-0.316718
14.14	0.801212	-0.318322
14.15	0.799637	-0.319923
14.16	0.798053	-0.321521
14.17	0.796463	-0.323115
14.18	0.794864	-0.324707
14.19	0.793258	-0.326295
14.2	0.791644	-0.32788
14.21	0.790022	-0.329461
14.22	0.788392	-0.33104
14.23	0.786754	-0.332615
14.24	0.785107	-0.334187
14.25	0.783452	-0.335755
14.26	0.781789	-0.337321
14.27	0.780117	-0.338883
14.28	0.778436	-0.340441
14.29	0.776746	-0.341996
14.3	0.775047	-0.343548
14.31	0.773339	-0.345096
14.32	0.771621	-0.346641
14.33	0.769894	-0.348183
14.34	0.768158	-0.349721
14.35	0.766412	-0.351256
14.36	0.764655	-0.352787
14.37	0.762889	-0.354314
14.38	0.761113	-0.355838
14.39	0.759326	-0.357359
14.4	0.757529	-0.358876
14.41	0.75572	-0.360389
14.42	0.753901	-0.361898
14.43	0.752071	-0.363404
14.44	0.75023	-0.364907
14.45	0.748377	-0.366405
14.46	0.746513	-0.3679
14.47	0.744637	-0.369391
14.48	0.742748	-0.370879
14.49	0.740848	-0.372362
14.5	0.738935	-0.373842
14.51	0.73701	-0.375318
14.52	0.735071	-0.37679
14.53	0.73312	-0.378258
14.54	0.731155	-0.379723
14.55	0.729176	-0.381183
14.56	0.727184	-0.382639
14.57	0.725177	-0.384092
14.58	0.723156	-0.38554
14.59	0.721121	-0.386984
14.6	0.719071	-0.388424
14.61	0.717005	-0.389861
14.62	0.714924	-0.391292
14.63	0.712827	-0.39272
14.64	0.710714	-0.394144
14.65	0.708585	-0.395563
14.66	0.706439	-0.396978
14.67	0.704276	-0.398389
14.68	0.702095	-0.399795
14.69	0.699897	-0.401197
14.7	0.69768	-0.402595
14.71	0.695445	-0.403988
14.72	0.693191	-0.405377
14.73	0.690917	-0.406761
14.74	0.688624	-0.40814
14.75	0.686311	-0.409515
14.76	0.683977	-0.410885
14.77	0.681622	-0.412251
14.78	0.679245	-0.413612
14.79	0.676846	-0.414968
14.8	0.674425	-0.416319
14.81	0.671981	-0.417666
14.82	0.669512	-0.419007
14.83	0.66702	-0.420344
14.84	0.664503	-0.421675
14.85	0.661961	-0.423002
14.86	0.659392	-0.424323
14.87	0.656797	-0.425639
14.88	0.654175	-0.42695
14.89	0.651524	-0.428256
14.9	0.648845	-0.429556
14.91	0.646137	-0.430851
14.92	0.643398	-0.432141
14.93	0.640628	-0.433425
14.94	0.637826	-0.434703
14.95	0.634992	-0.435976
14.96	0.632124	-0.437243
14.97	0.629221	-0.438505
14.98	0.626283	-0.43976
14.99	0.623308	-0.44101
15	0.620296	-0.442253
15.01	0.617245	-0.443491
15.02	0.614154	-0.444722
15.03	0.611023	-0.445947
15.04	0.607849	-0.447166
15.05	0.604632	-0.448379
15.06	0.60137	-0.449585
15.07	0.598062	-0.450784
15.08	0.594706	-0.451977
15.09	0.591301	-0.453163
15.1	0.587845	-0.454342
15.11	0.584337	-0.455514
15.12	0.580774	-0.45668
15.13	0.577156	-0.457837
15.14	0.57348	-0.458988
15.15	0.569744	-0.460131
15.16	0.565946	-0.461267
15.17	0.562084	-0.462395
15.18	0.558156	-0.463515
15.19	0.554159	-0.464628
15.2	0.55009	-0.465732
15.21	0.545948	-0.466828
15.22	0.541729	-0.467916
15.23	0.53743	-0.468995
15.24	0.533049	-0.470065
15.25	0.528581	-0.471127
15.26	0.524025	-0.47218
15.27	0.519375	-0.473223
15.28	0.514628	-0.474257
15.29	0.509781	-0.475281
15.3	0.504829	-0.476296
15.31	0.499767	-0.477301
15.32	0.494591	-0.478295
15.33	0.489296	-0.479279
15.34	0.483877	-0.480252
15.35	0.478328	-0.481214
15.36	0.472642	-0.482165
15.37	0.466815	-0.483105
15.38	0.460838	-0.484033
15.39	0.454706	-0.484948
15.4	0.44841	-0.485851
15.41	0.441943	-0.486742
15.42	0.435296	-0.487619
15.43	0.428459	-0.488483
15.44	0.421424	-0.489333
15.45	0.414181	-0.490168
15.46	0.406717	-0.490989
15.47	0.399021	-0.491795
15.48	0.391082	-0.492585
15.49	0.382885	-0.493359
15.5	0.374417	-0.494117
15.51	0.365661	-0.494857
15.52	0.356602	-0.495579
15.53	0.347223	-0.496283
15.54	0.337503	-0.496968
15.55	0.327425	-0.497633
15.56	0.316965	-0.498277
15.57	0.306101	-0.4989
15.58	0.294808	-0.499501
15.59	0.283061	-0.500079
15.6	0.270829	-0.500633
15.61	0.258083	-0.501162
15.62	0.244791	-0.501665
15.63	0.230917	-0.502141
15.64	0.216424	-0.502588
15.65	0.201273	-0.503006
15.66	0.185421	-0.503393
15.67	0.168823	-0.503747
15.68	0.151431	-0.504068
15.69	0.133195	-0.504352
15.7	0.114061	-0.5046
15.71	0.0939733	-0.504808
15.72	0.0728745	-0.504975
15.73	0.0507043	-0.505099
15.74	0.0274014	-0.505177
15.75	0.00290403	-0.505208
15.76	-0.0228492	-0.505188
15.77	-0.0499179	-0.505115
15.78	-0.078358	-0.504987
15.79	-0.10822	-0.504801
15.8	-0.139546	-0.504554
15.81	-0.172366	-0.504242
15.82	-0.206697	-0.503863
15.83	-0.242534	-0.503414
15.84	-0.279851	-0.502892
15.85	-0.318593	-0.502294
15.86	-0.358671	-0.501617
15.87	-0.399959	-0.500858
15.88	-0.442292	-0.500016
15.89	-0.485461	-0.499088
15.9	-0.529216	-0.498074
15.91	-0.573266	-0.496971
15.92	-0.617287	-0.495781
15.93	-0.660932	-0.494503
15.94	-0.703838	-0.493138
15.95	-0.745643	-0.491688
15.96	-0.786003	-0.490156
15.97	-0.824601	-0.488545
15.98	-0.861165	-0.486859
15.99	-0.895476	-0.485102
16	-0.927374	-0.483279
16.01	-0.956763	-0.481394
16.02	-0.983605	-0.479453
16.03	-1.00792	-0.477461
16.04	-1.02978	-0.475423
16.05	-1.04928	-0.473344
16.06	-1.06656	-0.471228
16.07	-1.08179	-0.469079
16.08	-1.09511	-0.466902
16.09	-1.10671	-0.4647
16.1	-1.11676	-0.462476
16.11	-1.12541	-0.460234
16.12	-1.13283	-0.457975
16.13	-1.13916	-0.455703
16.14	-1.14453	-0.453419
16.15	-1.14907	-0.451125
16.16	-1.15287	-0.448823
16.17	-1.15604	-0.446514
16.18	-1.15865	-0.4442
16.19	-1.1608	-0.44188
16.2	-1.16253	-0.439557
16.21	-1.16391	-0.43723
16.22	-1.16499	-0.434901
16.23	-1.1658	-0.43257
16.24	-1.16639	-0.430238
16.25	-1.16679	-0.427905
16.26	-1.16702	-0.425571
16.27	-1.16711	-0.423237
16.28	-1.16709	-0.420903
16.29	-1.16695	-0.418569
16.3	-1.16673	-0.416235
16.31	-1.16643	-0.413902
16.32	-1.16607	-0.411569
16.33	-1.16565	-0.409238
16.34	-1.16518	-0.406907
16.35	-1.16467	-0.404577
16.36	-1.16412	-0.402248
16.37	-1.16355	-0.39992
16.38	-1.16294	-0.397594
16.39	-1.16232	-0.395269
16.4	-1.16168	-0.392945
16.41	-1.16102	-0.390622
16.42	-1.16034	-0.388301
16.43	-1.15965	-0.385981
16.44	-1.15895	-0.383662
16.45	-1.15825	-0.381345
16.46	-1.15753	-0.379029
16.47	-1.15681	-0.376715
16.48	-1.15608	-0.374402
16.49	-1.15534	-0.37209
16.5	-1.15461	-0.36978
16.51	-1.15386	-0.367472
16.52	-1.15311	-0.365165
16.53	-1.15236	-0.362859
16.54	-1.15161	-0.360555
16.55	-1.15085	-0.358253
16.56	-1.15009	-0.355952
16.57	-1.14933	-0.353653
16.58	-1.14857	-0.351355
16.59	-1.1478	-0.349058
16.6	-1.14704	-0.346764
16.61	-1.14627	-0.34447
16.62	-1.1455	-0.342178
16.63	-1.14473	-0.339888
16.64	-1.14396	-0.3376
16.65	-1.14318	-0.335312
16.66	-1.14241	-0.333027
16.67	-1.14163	-0.330743
16.68	-1.14085	-0.32846
16.69	-1.14007	-0.326179
16.7	-1.1393	-0.3239
16.71	-1.13851	-0.321622
16.72	-1.13773	-0.319346
16.73	-1.13695	-0.317071
16.74	-1.13617	-0.314798
16.75	-1.13538	-0.312527
16.76	-1.1346	-0.310257
16.77	-1.13381	-0.307988
16.78	-1.13302	-0.305721
16.79	-1.13223	-0.303456
16.8	-1.13144	-0.301192
16.81	-1.13065	-0.29893
16.82	-1.12986	-0.29667
16.83	-1.12907	-0.294411
16.84	-1.12828	-0.292154
16.85	-1.12748	-0.289898
16.86	-1.12669	-0.287644
16.87	-1.12589	-0.285391
16.88	-1.12509	-0.28314
16.89	-1.1243	-0.280891
16.9	-1.1235	-0.278643
16.91	-1.1227	-0.276397
16.92	-1.1219	-0.274152
16.93	-1.12109	-0.271909
16.94	-1.12029	-0.269668
16.95	-1.11949	-0.267428
16.96	-1.11868	-0.26519
16.97	-1.11788	-0.262953
16.98	-1.11707	-0.260718
16.99	-1.11626	-0.258485
17	-1.11545	-0.256253
17.01	-1.11464	-0.254023
17.02	-1.11383	-0.251795
17.03	-1.11302	-0.249568
17.04	-1.11221	-0.247343
17.05	-1.1114	-0.245119
17.06	-1.11058	-0.242897
17.07	-1.10977	-0.240677
17.08	-1.10895	-0.238458
17.09	-1.10813	-0.236241
17.1	-1.10731	-0.234025
17.11	-1.10649	-0.231812
17.12	-1.10567	-0.229599
17.13	-1.10485	-0.227389
17.14	-1.10403	-0.22518
17.15	-1.1032	-0.222973
17.16	-1.10238	-0.220767
17.17	-1.10155	-0.218563
17.18	-1.10073	-0.216361
17.19	-1.0999	-0.21416
17.2	-1.09907	-0.211961
17.21	-1.09824	-0.209764
17.22	-1.09741	-0.207568
17.23	-1.09658	-0.205374
17.24	-1.09574	-0.203182
17.25	-1.09491	-0.200991
17.26	-1.09407	-0.198802
17.27	-1.09324	-0.196615
17.28	-1.0924	-0.19443
17.29	-1.09156	-0.192246
17.3	-1.09072	-0.190063
17.31	-1.08988	-0.187883
17.32	-1.08904	-0.185704
17.33	-1.08819	-0.183527
17.34	-1.08735	-0.181351
17.35	-1.0865	-0.179177
17.36	-1.08566	-0.177005
17.37	-1.08481	-0.174835
17.38	-1.08396	-0.172666
17.39	-1.08311	-0.170499
17.4	-1.08226	-0.168333
17.41	-1.0814	-0.16617
17.42	-1.08055	-0.164008
17.43	-1.0797	-0.161848
17.44	-1.07884	-0.159689
17.45	-1.07798	-0.157532
17.46	-1.07713	-0.155377
17.47	-1.07627	-0.153224
17.48	-1.07541	-0.151072
17.49	-1.07454	-0.148922
17.5	-1.07368	-0.146774
17.51	-1.07282	-0.144627
17.52	-1.07195	-0.142483
17.53	-1.07108	-0.140339
17.54	-1.07022	-0.138198
17.55	-1.06935	-0.136059
17.56	-1.06848	-0.133921
17.57	-1.0676	-0.131785
17.58	-1.06673	-0.12965
17.59	-1.06586	-0.127518
17.6	-1.06498	-0.125387
17.61	-1.06411	-0.123258
17.62	-1.06323	-0.121131
17.63	-1.06235	-0.119005
17.64	-1.06147	-0.116881
17.65	-1.06059	-0.114759
17.66	-1.0597	-0.112639
17.67	-1.05882	-0.11052
17.68	-1.05793	-0.108404
17.69	-1.05705	-0.106289
17.7	-1.05616	-0.104175
17.71	-1.05527	-0.102064
17.72	-1.05438	-0.0999543
17.73	-1.05349	-0.0978464
17.74	-1.05259	-0.0957403
17.75	-1.0517	-0.093636
17.76	-1.0508	-0.0915335
17.77	-1.0499	-0.0894328
17.78	-1.049	-0.0873339
17.79	-1.0481	-0.0852368
17.8	-1.0472	-0.0831415
17.81	-1.0463	-0.081048
17.82	-1.04539	-0.0789563
17.83	-1.04449	-0.0768665
17.84	-1.04358	-0.0747784
17.85	-1.04267	-0.0726921
17.86	-1.04176	-0.0706077
17.87	-1.04085	-0.0685251
17.88	-1.03994	-0.0664443
17.89	-1.03902	-0.0643653
17.9	-1.03811	-0.0622882
17.91	-1.03719	-0.0602129
17.92	-1.03627	-0.0581395
17.93	-1.03535	-0.0560678
17.94	-1.03443	-0.0539981
17.95	-1.0335	-0.0519301
17.96	-1.03258	-0.0498641
17.97	-1.03165	-0.0477998
17.98	-1.03072	-0.0457374
17.99	-1.0298	-0.0436769
18	-1.02886	-0.0416183
18.01	-1.02793	-0.0395615
18.02	-1.027	-0.0375065
18.03	-1.02606	-0.0354535
18.04	-1.02513	-0.0334023
18.05	-1.02419	-0.031353
18.06	-1.02325	-0.0293055
18.07	-1.0223	-0.02726
18.08	-1.02136	-0.0252163
18.09	-1.02042	-0.0231746
18.1	-1.01947	-0.0211347
18.11	-1.01852	-0.0190967
18.12	-1.01757	-0.0170606
18.13	-1.01662	-0.0150264
18.14	-1.01567	-0.0129941
18.15	-1.01471	-0.0109637
18.16	-1.01376	-0.00893526
18.17	-1.0128	-0.00690871
18.18	-1.01184	-0.00488407
18.19	-1.01088	-0.00286136
18.2	-1.00991	-0.000840571
18.21	-1.00895	0.00117829
18.22	-1.00798	0.00319522
18.23	-1.00701	0.00521021
18.24	-1.00604	0.00722327
18.25	-1.00507	0.00923438
18.26	-1.0041	0.0112436
18.27	-1.00312	0.0132508
18.28	-1.00215	0.015256
18.29	-1.00117	0.0172594
18.3	-1.00019	0.0192607
18.31	-0.999203	0.0212601
18.32	-0.998219	0.0232575
18.33	-0.997233	0.025253
18.34	-0.996245	0.0272464
18.35	-0.995255	0.0292379
18.36	-0.994263	0.0312275
18.37	-0.99327	0.033215
18.38	-0.992274	0.0352005
18.39	-0.991277	0.0371841
18.4	-0.990278	0.0391656
18.41	-0.989276	0.0411452
18.42	-0.988273	0.0431227
18.43	-0.987268	0.0450983
18.44	-0.986261	0.0470718
18.45	-0.985253	0.0490433
18.46	-0.984242	0.0510128
18.47	-0.983229	0.0529803
18.48	-0.982214	0.0549457
18.49	-0.981197	0.0569092
18.5	-0.980178	0.0588705
18.51	-0.979157	0.0608299
18.52	-0.978134	0.0627872
18.53	-0.977109	0.0647424
18.54	-0.976082	0.0666956
18.55	-0.975053	0.0686467
18.56	-0.974022	0.0705958
18.57	-0.972988	0.0725428
18.58	-0.971953	0.0744878
18.59	-0.970915	0.0764306
18.6	-0.969875	0.0783714
18.61	-0.968834	0.0803101
18.62	-0.967789	0.0822467
18.63	-0.966743	0.0841813
18.64	-0.965695	0.0861137
18.65	-0.964644	0.0880441
18.66	-0.963591	0.0899723
18.67	-0.962535	0.0918984
18.68	-0.961478	0.0938224
18.69	-0.960418	0.0957443
18.7	-0.959356	0.0976641
18.71	-0.958292	0.0995818
18.72	-0.957225	0.101497
18.73	-0.956156	0.103411
18.74	-0.955084	0.105322
18.75	-0.954011	0.107231
18.76	-0.952934	0.109138
18.77	-0.951856	0.111043
18.78	-0.950775	0.112945
18.79	-0.949691	0.114846
18.8	-0.948605	0.116744
18.81	-0.947517	0.11864
18.82	-0.946426	0.120534
18.83	-0.945333	0.122426
18.84	-0.944237	0.124316
18.85	-0.943138	0.126203
18.86	-0.942037	0.128088
18.87	-0.940934	0.129971
18.88	-0.939827	0.131852
18.89	-0.938718	0.13373
18.9	-0.937607	0.135607
18.91	-0.936493	0.137481
18.92	-0.935376	0.139353
18.93	-0.934256	0.141222
18.94	-0.933134	0.14309
18.95	-0.932009	0.144955
18.96	-0.930881	0.146818
18.97	-0.929751	0.148678
18.98	-0.928618	0.150537
18.99	-0.927482	0.152393
19	-0.926343	0.154247
19.01	-0.925201	0.156098
19.02	-0.924056	0.157947
19.03	-0.922908	0.159794
19.04	-0.921758	0.161639
19.05	-0.920604	0.163481
19.06	-0.919448	0.165321
19.07	-0.918288	0.167159
19.08	-0.917126	0.168995
19.09	-0.91596	0.170828
19.1	-0.914791	0.172658
19.11	-0.91362	0.174487
19.12	-0.912445	0.176313
19.13	-0.911267	0.178137
19.14	-0.910086	0.179958
19.15	-0.908901	0.181777
19.16	-0.907713	0.183594
19.17	-0.906523	0.185408
19.18	-0.905328	0.18722
19.19	-0.904131	0.189029
19.2	-0.90293	0.190836
19.21	-0.901726	0.192641
19.22	-0.900518	0.194443
19.23	-0.899307	0.196243
19.24	-0.898093	0.19804
19.25	-0.896875	0.199835
19.26	-0.895654	0.201628
19.27	-0.894429	0.203418
19.28	-0.8932	0.205206
19.29	-0.891968	0.206991
19.3	-0.890732	0.208773
19.31	-0.889493	0.210554
19.32	-0.88825	0.212331
19.33	-0.887003	0.214107
19.34	-0.885752	0.215879
19.35	-0.884498	0.21765
19.36	-0.88324	0.219417
19.37	-0.881977	0.221183
19.38	-0.880711	0.222945
19.39	-0.879441	0.224705
19.4	-0.878168	0.226463
19.41	-0.87689	0.228218
19.42	-0.875608	0.229971
19.43	-0.874321	0.231721
19.44	-0.873031	0.233468
19.45	-0.871737	0.235213
19.46	-0.870438	0.236955
19.47	-0.869135	0.238694
19.48	-0.867828	0.240431
19.49	-0.866517	0.242166
19.5	-0.865201	0.243897
19.51	-0.86388	0.245627
19.52	-0.862556	0.247353
19.53	-0.861226	0.249077
19.54	-0.859892	0.250798
19.55	-0.858554	0.252516
19.56	-0.857211	0.254232
19.57	-0.855863	0.255945
19.58	-0.854511	0.257656
19.59	-0.853153	0.259363
19.6	-0.851791	0.261068
19.61	-0.850424	0.26277
19.62	-0.849052	0.26447
19.63	-0.847675	0.266167
19.64	-0.846293	0.267861
19.65	-0.844906	0.269552
19.66	-0.843513	0.27124
19.67	-0.842116	0.272926
19.68	-0.840713	0.274609
19.69	-0.839305	0.276289
19.7	-0.837891	0.277966
19.71	-0.836472	0.27964
19.72	-0.835048	0.281312
19.73	-0.833617	0.28298
19.74	-0.832182	0.284646
19.75	-0.83074	0.286309
19.76	-0.829293	0.287969
19.77	-0.82784	0.289626
19.78	-0.826381	0.29128
19.79	-0.824916	0.292932
19.8	-0.823445	0.29458
19.81	-0.821968	0.296226
19.82	-0.820484	0.297868
19.83	-0.818995	0.299507
19.84	-0.817499	0.301144
19.85	-0.815996	0.302777
19.86	-0.814488	0.304408
19.87	-0.812972	0.306035
19.88	-0.81145	0.30766
19.89	-0.809921	0.309281
19.9	-0.808385	0.3109
19.91	-0.806843	0.312515
19.92	-0.805293	0.314127
19.93	-0.803736	0.315736
19.94	-0.802172	0.317342
19.95	-0.800601	0.318945
19.96	-0.799022	0.320544
19.97	-0.797436	0.322141
19.98	-0.795843	0.323734
19.99	-0.794241	0.325324

