0	-0.00579266	0.0500079
0.01	-0.00114228	0.0500114
0.02	0.00399731	0.0500101
0.03	0.00967697	0.0500033
0.04	0.0159528	0.0499905
0.05	0.0228863	0.0499711
0.06	0.0305455	0.0499445
0.07	0.0390045	0.0499098
0.08	0.0483448	0.0498662
0.09	0.0586549	0.0498128
0.1	0.0700314	0.0497485
0.11	0.0825782	0.0496723
0.12	0.0964074	0.0495829
0.13	0.111638	0.049479
0.14	0.128395	0.0493592
0.15	0.146809	0.0492217
0.16	0.167013	0.0490649
0.17	0.189136	0.048887
0.18	0.213304	0.048686
0.19	0.239627	0.0484597
0.2	0.268194	0.048206
0.21	0.29906	0.0479225
0.22	0.332235	0.0476071
0.23	0.367665	0.0472573
0.24	0.405222	0.046871
0.25	0.444686	0.0464462
0.26	0.485737	0.0459811
0.27	0.52795	0.0454744
0.28	0.570801	0.044925
0.29	0.613689	0.0443328
0.3	0.655959	0.0436979
0.31	0.696954	0.0430213
0.32	0.73605	0.0423046
0.33	0.772709	0.04155
0.34	0.80651	0.0407601
0.35	0.837173	0.039938
0.36	0.864562	0.0390869
0.37	0.888676	0.03821
0.38	0.909627	0.0373106
0.39	0.927612	0.0363917
0.4	0.942883	0.0354563
0.41	0.955726	0.0345068
0.42	0.966432	0.0335455
0.43	0.975286	0.0325745
0.44	0.982554	0.0315955
0.45	0.988478	0.0306098
0.46	0.993272	0.0296189
0.47	0.997123	0.0286236
0.48	1.00019	0.0276249
0.49	1.00261	0.0266234
0.5	1.0045	0.0256198
0.51	1.00595	0.0246146
0.52	1.00705	0.0236081
0.53	1.00785	0.0226006
0.54	1.00841	0.0215925
0.55	1.00877	0.0205838
0.56	1.00898	0.019575
0.57	1.00906	0.0185659
0.58	1.00903	0.0175569
0.59	1.00891	0.0165479
0.6	1.00873	0.0155391
0.61	1.00849	0.0145305
0.62	1.0082	0.0135221
0.63	1.00787	0.0125141
0.64	1.00752	0.0115064
0.65	1.00714	0.0104991
0.66	1.00673	0.00949211
0.67	1.00631	0.00848559
0.68	1.00588	0.00747949
0.69	1.00544	0.00647383
0.7	1.00498	0.00546862
0.71	1.00452	0.00446386
0.72	1.00406	0.00345957
0.73	1.00358	0.00245575
0.74	1.00311	0.00145241
0.75	1.00263	0.000449541
0.76	1.00214	-0.000552843
0.77	1.00166	-0.00155474
0.78	1.00117	-0.00255615
0.79	1.00068	-0.00355708
0.8	1.00018	-0.00455751
0.81	0.999691	-0.00555745
0.82	0.999197	-0.00655689
0.83	0.998701	-0.00755584
0.84	0.998204	-0.00855429
0.85	0.997707	-0.00955225
0.86	0.997208	-0.0105497
0.87	0.996709	-0.0115467
0.88	0.996209	-0.0125431
0.89	0.995708	-0.0135391
0.9	0.995207	-0.0145345
0.91	0.994705	-0.0155295
0.92	0.994202	-0.0165239
0.93	0.993699	-0.0175179
0.94	0.993195	-0.0185113
0.95	0.992691	-0.0195043
0.96	0.992186	-0.0204967
0.97	0.991681	-0.0214887
0.98	0.991175	-0.0224801
0.99	0.990668	-0.023471
1	0.990161	-0.0244614
1.01	0.989654	-0.0254513
1.02	0.989145	-0.0264407
1.03	0.988637	-0.0274296
1.04	0.988128	-0.028418
1.05	0.987618	-0.0294059
1.06	0.987108	-0.0303932
1.07	0.986597	-0.0313801
1.08	0.986086	-0.0323664
1.09	0.985574	-0.0333523
1.1	0.985061	-0.0343376
1.11	0.984548	-0.0353224
1.12	0.984035	-0.0363067
1.13	0.983521	-0.0372905
1.14	0.983006	-0.0382737
1.15	0.982491	-0.0392565
1.16	0.981976	-0.0402387
1.17	0.98146	-0.0412204
1.18	0.980943	-0.0422016
1.19	0.980426	-0.0431823
1.2	0.979908	-0.0441625
1.21	0.979389	-0.0451421
1.22	0.97887	-0.0461212
1.23	0.978351	-0.0470999
1.24	0.977831	-0.048078
1.25	0.97731	-0.0490555
1.26	0.976789	-0.0500326
1.27	0.976267	-0.0510091
1.28	0.975745	-0.0519851
1.29	0.975222	-0.0529606
1.3	0.974699	-0.0539356
1.31	0.974175	-0.05491
1.32	0.97365	-0.0558839
1.33	0.973125	-0.0568573
1.34	0.972599	-0.0578301
1.35	0.972073	-0.0588025
1.36	0.971546	-0.0597743
1.37	0.971018	-0.0607456
1.38	0.97049	-0.0617163
1.39	0.969962	-0.0626866
1.4	0.969432	-0.0636563
1.41	0.968903	-0.0646254
1.42	0.968372	-0.0655941
1.43	0.967841	-0.0665622
1.44	0.967309	-0.0675297
1.45	0.966777	-0.0684968
1.46	0.966244	-0.0694633
1.47	0.965711	-0.0704293
1.48	0.965177	-0.0713947
1.49	0.964642	-0.0723596
1.5	0.964107	-0.073324
1.51	0.963571	-0.0742878
1.52	0.963034	-0.0752511
1.53	0.962497	-0.0762139
1.54	0.961959	-0.0771761
1.55	0.961421	-0.0781378
1.56	0.960882	-0.079099
1.57	0.960342	-0.0800596
1.58	0.959802	-0.0810197
1.59	0.959261	-0.0819792
1.6	0.958719	-0.0829382
1.61	0.958177	-0.0838966
1.62	0.957634	-0.0848545
1.63	0.957091	-0.0858119
1.64	0.956547	-0.0867687
1.65	0.956002	-0.087725
1.66	0.955456	-0.0886807
1.67	0.95491	-0.0896359
1.68	0.954364	-0.0905905
1.69	0.953816	-0.0915446
1.7	0.953268	-0.0924982
1.71	0.952719	-0.0934512
1.72	0.95217	-0.0944036
1.73	0.95162	-0.0953555
1.74	0.951069	-0.0963069
1.75	0.950518	-0.0972576
1.76	0.949966	-0.0982079
1.77	0.949413	-0.0991576
1.78	0.948859	-0.100107
1.79	0.948305	-0.101055
1.8	0.947751	-0.102003
1.81	0.947195	-0.102951
1.82	0.946639	-0.103898
1.83	0.946082	-0.104844
1.84	0.945524	-0.10579
1.85	0.944966	-0.106735
1.86	0.944407	-0.10768
1.87	0.943847	-0.108624
1.88	0.943287	-0.109568
1.89	0.942726	-0.110511
1.9	0.942164	-0.111453
1.91	0.941601	-0.112395
1.92	0.941038	-0.113336
1.93	0.940474	-0.114277
1.94	0.939909	-0.115217
1.95	0.939344	-0.116157
1.96	0.938777	-0.117096
1.97	0.938211	-0.118034
1.98	0.937643	-0.118972
1.99	0.937074	-0.11991
2	0.936505	-0.120846
2.01	0.935935	-0.121783
2.02	0.935365	-0.122718
2.03	0.934793	-0.123653
2.04	0.934221	-0.124588
2.05	0.933648	-0.125522
2.06	0.933074	-0.126455
2.07	0.9325	-0.127388
2.08	0.931925	-0.12832
2.09	0.931348	-0.129252
2.1	0.930772	-0.130183
2.11	0.930194	-0.131113
2.12	0.929616	-0.132043
2.13	0.929037	-0.132973
2.14	0.928457	-0.133901
2.15	0.927876	-0.134829
2.16	0.927294	-0.135757
2.17	0.926712	-0.136684
2.18	0.926129	-0.13761
2.19	0.925545	-0.138536
2.2	0.92496	-0.139462
2.21	0.924374	-0.140386
2.22	0.923788	-0.14131
2.23	0.923201	-0.142234
2.24	0.922613	-0.143157
2.25	0.922024	-0.144079
2.26	0.921434	-0.145001
2.27	0.920843	-0.145922
2.28	0.920252	-0.146842
2.29	0.91966	-0.147762
2.3	0.919067	-0.148682
2.31	0.918473	-0.149601
2.32	0.917878	-0.150519
2.33	0.917282	-0.151436
2.34	0.916686	-0.152353
2.35	0.916088	-0.15327
2.36	0.91549	-0.154185
2.37	0.914891	-0.155101
2.38	0.914291	-0.156015
2.39	0.91369	-0.156929
2.4	0.913088	-0.157843
2.41	0.912485	-0.158755
2.42	0.911881	-0.159668
2.43	0.911277	-0.160579
2.44	0.910671	-0.16149
2.45	0.910065	-0.1624
2.46	0.909458	-0.16331
2.47	0.90885	-0.164219
2.48	0.908241	-0.165128
2.49	0.90763	-0.166036
2.5	0.907019	-0.166943
2.51	0.906408	-0.16785
2.52	0.905795	-0.168756
2.53	0.905181	-0.169661
2.54	0.904566	-0.170566
2.55	0.90395	-0.171471
2.56	0.903334	-0.172374
2.57	0.902716	-0.173277
2.58	0.902098	-0.17418
2.59	0.901478	-0.175081
2.6	0.900857	-0.175983
2.61	0.900236	-0.176883
2.62	0.899613	-0.177783
2.63	0.89899	-0.178682
2.64	0.898365	-0.179581
2.65	0.89774	-0.180479
2.66	0.897113	-0.181377
2.67	0.896485	-0.182273
2.68	0.895857	-0.18317
2.69	0.895227	-0.184065
2.7	0.894597	-0.18496
2.71	0.893965	-0.185854
2.72	0.893332	-0.186748
2.73	0.892698	-0.187641
2.74	0.892063	-0.188533
2.75	0.891428	-0.189425
2.76	0.890791	-0.190316
2.77	0.890153	-0.191207
2.78	0.889513	-0.192096
2.79	0.888873	-0.192986
2.8	0.888232	-0.193874
2.81	0.88759	-0.194762
2.82	0.886946	-0.195649
2.83	0.886302	-0.196536
2.84	0.885656	-0.197422
2.85	0.885009	-0.198307
2.86	0.884361	-0.199192
2.87	0.883712	-0.200076
2.88	0.883062	-0.200959
2.89	0.882411	-0.201842
2.9	0.881758	-0.202724
2.91	0.881104	-0.203606
2.92	0.88045	-0.204486
2.93	0.879794	-0.205367
2.94	0.879136	-0.206246
2.95	0.878478	-0.207125
2.96	0.877819	-0.208003
2.97	0.877158	-0.208881
2.98	0.876496	-0.209757
2.99	0.875833	-0.210634
3	0.875169	-0.211509
3.01	0.874503	-0.212384
3.02	0.873836	-0.213258
3.03	0.873168	-0.214132
3.04	0.872499	-0.215004
3.05	0.871828	-0.215877
3.06	0.871157	-0.216748
3.07	0.870483	-0.217619
3.08	0.869809	-0.218489
3.09	0.869134	-0.219358
3.1	0.868457	-0.220227
3.11	0.867778	-0.221095
3.12	0.867099	-0.221963
3.13	0.866418	-0.22283
3.14	0.865736	-0.223696
3.15	0.865053	-0.224561
3.16	0.864368	-0.225426
3.17	0.863682	-0.22629
3.18	0.862994	-0.227153
3.19	0.862305	-0.228016
3.2	0.861615	-0.228878
3.21	0.860924	-0.229739
3.22	0.860231	-0.2306
3.23	0.859536	-0.231459
3.24	0.85884	-0.232319
3.25	0.858143	-0.233177
3.26	0.857445	-0.234035
3.27	0.856745	-0.234892
3.28	0.856043	-0.235748
3.29	0.85534	-0.236604
3.3	0.854636	-0.237459
3.31	0.85393	-0.238313
3.32	0.853223	-0.239167
3.33	0.852514	-0.24002
3.34	0.851803	-0.240872
3.35	0.851092	-0.241723
3.36	0.850378	-0.242574
3.37	0.849663	-0.243424
3.38	0.848947	-0.244273
3.39	0.848229	-0.245122
3.4	0.847509	-0.24597
3.41	0.846788	-0.246817
3.42	0.846066	-0.247664
3.43	0.845341	-0.248509
3.44	0.844616	-0.249354
3.45	0.843888	-0.250198
3.46	0.843159	-0.251042
3.47	0.842428	-0.251885
3.48	0.841696	-0.252727
3.49	0.840962	-0.253568
3.5	0.840226	-0.254409
3.51	0.839489	-0.255249
3.52	0.83875	-0.256088
3.53	0.838009	-0.256926
3.54	0.837266	-0.257764
3.55	0.836522	-0.258601
3.56	0.835776	-0.259437
3.57	0.835028	-0.260272
3.58	0.834279	-0.261107
3.59	0.833528	-0.261941
3.6	0.832775	-0.262774
3.61	0.83202	-0.263606
3.62	0.831263	-0.264438
3.63	0.830504	-0.265269
3.64	0.829744	-0.266099
3.65	0.828982	-0.266928
3.66	0.828218	-0.267757
3.67	0.827452	-0.268585
3.68	0.826684	-0.269412
3.69	0.825914	-0.270238
3.7	0.825142	-0.271064
3.71	0.824368	-0.271888
3.72	0.823593	-0.272712
3.73	0.822815	-0.273536
3.74	0.822035	-0.274358
3.75	0.821254	-0.27518
3.76	0.82047	-0.276001
3.77	0.819684	-0.276821
3.78	0.818897	-0.27764
3.79	0.818107	-0.278458
3.8	0.817315	-0.279276
3.81	0.816521	-0.280093
3.82	0.815724	-0.280909
3.83	0.814926	-0.281724
3.84	0.814125	-0.282539
3.85	0.813323	-0.283353
3.86	0.812518	-0.284166
3.87	0.811711	-0.284978
3.88	0.810901	-0.285789
3.89	0.81009	-0.2866
3.9	0.809276	-0.287409
3.91	0.80846	-0.288218
3.92	0.807641	-0.289026
3.93	0.80682	-0.289833
3.94	0.805997	-0.29064
3.95	0.805172	-0.291445
3.96	0.804344	-0.29225
3.97	0.803513	-0.293054
3.98	0.80268	-0.293857
3.99	0.801845	-0.294659
4	0.801007	-0.295461
4.01	0.800167	-0.296261
4.02	0.799324	-0.297061
4.03	0.798479	-0.29786
4.04	0.797631	-0.298658
4.05	0.796781	-0.299455
4.06	0.795927	-0.300252
4.07	0.795072	-0.301047
4.08	0.794213	-0.301842
4.09	0.793352	-0.302636
4.1	0.792488	-0.303429
4.11	0.791621	-0.304221
4.12	0.790752	-0.305012
4.13	0.78988	-0.305802
4.14	0.789005	-0.306592
4.15	0.788127	-0.30738
4.16	0.787246	-0.308168
4.17	0.786362	-0.308955
4.18	0.785476	-0.309741
4.19	0.784586	-0.310526
4.2	0.783693	-0.31131
4.21	0.782798	-0.312093
4.22	0.781899	-0.312875
4.23	0.780997	-0.313657
4.24	0.780092	-0.314437
4.25	0.779184	-0.315217
4.26	0.778273	-0.315996
4.27	0.777358	-0.316773
4.28	0.77644	-0.31755
4.29	0.775519	-0.318326
4.3	0.774595	-0.319101
4.31	0.773667	-0.319876
4.32	0.772736	-0.320649
4.33	0.771801	-0.321421
4.34	0.770863	-0.322192
4.35	0.769921	-0.322963
4.36	0.768976	-0.323732
4.37	0.768027	-0.324501
4.38	0.767075	-0.325268
4.39	0.766119	-0.326035
4.4	0.765159	-0.3268
4.41	0.764195	-0.327565
4.42	0.763228	-0.328329
4.43	0.762256	-0.329092
4.44	0.761281	-0.329853
4.45	0.760302	-0.330614
4.46	0.759319	-0.331374
4.47	0.758332	-0.332133
4.48	0.75734	-0.332891
4.49	0.756345	-0.333647
4.5	0.755345	-0.334403
4.51	0.754341	-0.335158
4.52	0.753333	-0.335912
4.53	0.752321	-0.336665
4.54	0.751304	-0.337417
4.55	0.750282	-0.338167
4.56	0.749256	-0.338917
4.57	0.748226	-0.339666
4.58	0.747191	-0.340414
4.59	0.746151	-0.34116
4.6	0.745106	-0.341906
4.61	0.744057	-0.342651
4.62	0.743002	-0.343394
4.63	0.741943	-0.344137
4.64	0.740879	-0.344878
4.65	0.739809	-0.345618
4.66	0.738735	-0.346358
4.67	0.737655	-0.347096
4.68	0.73657	-0.347833
4.69	0.735479	-0.348569
4.7	0.734383	-0.349304
4.71	0.733282	-0.350038
4.72	0.732175	-0.35077
4.73	0.731062	-0.351502
4.74	0.729943	-0.352233
4.75	0.728819	-0.352962
4.76	0.727688	-0.35369
4.77	0.726552	-0.354417
4.78	0.725409	-0.355143
4.79	0.72426	-0.355868
4.8	0.723105	-0.356592
4.81	0.721943	-0.357314
4.82	0.720775	-0.358036
4.83	0.7196	-0.358756
4.84	0.718419	-0.359475
4.85	0.71723	-0.360193
4.86	0.716035	-0.360909
4.87	0.714832	-0.361625
4.88	0.713622	-0.362339
4.89	0.712405	-0.363052
4.9	0.711181	-0.363764
4.91	0.709949	-0.364474
4.92	0.708709	-0.365184
4.93	0.707461	-0.365892
4.94	0.706206	-0.366599
4.95	0.704942	-0.367304
4.96	0.70367	-0.368008
4.97	0.70239	-0.368712
4.98	0.701101	-0.369413
4.99	0.699803	-0.370114
5	0.698496	-0.370813
5.01	0.697181	-0.371511
5.02	0.695856	-0.372207
5.03	0.694522	-0.372902
5.04	0.693178	-0.373596
5.05	0.691824	-0.374289
5.06	0.69046	-0.37498
5.07	0.689087	-0.37567
5.08	0.687703	-0.376358
5.09	0.686308	-0.377045
5.1	0.684902	-0.377731
5.11	0.683486	-0.378415
5.12	0.682058	-0.379098
5.13	0.680619	-0.379779
5.14	0.679168	-0.380459
5.15	0.677705	-0.381137
5.16	0.676229	-0.381814
5.17	0.674741	-0.38249
5.18	0.673241	-0.383164
5.19	0.671727	-0.383836
5.2	0.6702	-0.384507
5.21	0.668659	-0.385177
5.22	0.667104	-0.385845
5.23	0.665535	-0.386511
5.24	0.663951	-0.387176
5.25	0.662352	-0.387839
5.26	0.660737	-0.3885
5.27	0.659107	-0.38916
5.28	0.65746	-0.389819
5.29	0.655797	-0.390475
5.3	0.654117	-0.39113
5.31	0.652419	-0.391783
5.32	0.650703	-0.392435
5.33	0.648969	-0.393085
5.34	0.647216	-0.393733
5.35	0.645443	-0.394379
5.36	0.643651	-0.395024
5.37	0.641837	-0.395666
5.38	0.640003	-0.396307
5.39	0.638147	-0.396946
5.4	0.636268	-0.397584
5.41	0.634366	-0.398219
5.42	0.632441	-0.398852
5.43	0.630491	-0.399484
5.44	0.628516	-0.400113
5.45	0.626514	-0.400741
5.46	0.624486	-0.401366
5.47	0.62243	-0.40199
5.48	0.620346	-0.402611
5.49	0.618231	-0.403231
5.5	0.616087	-0.403848
5.51	0.61391	-0.404463
5.52	0.611701	-0.405076
5.53	0.609458	-0.405686
5.54	0.60718	-0.406294
5.55	0.604865	-0.4069
5.56	0.602513	-0.407504
5.57	0.600121	-0.408105
5.58	0.597689	-0.408704
5.59	0.595215	-0.409301
5.6	0.592697	-0.409895
5.61	0.590133	-0.410486
5.62	0.587522	-0.411075
5.63	0.584861	-0.411661
5.64	0.582149	-0.412245
5.65	0.579384	-0.412826
5.66	0.576562	-0.413403
5.67	0.573682	-0.413979
5.68	0.570741	-0.414551
5.69	0.567736	-0.41512
5.7	0.564664	-0.415686
5.71	0.561522	-0.416249
5.72	0.558307	-0.416809
5.73	0.555015	-0.417366
5.74	0.551642	-0.417919
5.75	0.548184	-0.418469
5.76	0.544637	-0.419016
5.77	0.540996	-0.419558
5.78	0.537255	-0.420098
5.79	0.53341	-0.420633
5.8	0.529455	-0.421164
5.81	0.525383	-0.421692
5.82	0.521187	-0.422215
5.83	0.51686	-0.422734
5.84	0.512394	-0.423249
5.85	0.50778	-0.423759
5.86	0.503009	-0.424264
5.87	0.498071	-0.424765
5.88	0.492955	-0.42526
5.89	0.487648	-0.425751
5.9	0.482137	-0.426236
5.91	0.476408	-0.426715
5.92	0.470445	-0.427188
5.93	0.46423	-0.427656
5.94	0.457744	-0.428117
5.95	0.450966	-0.428571
5.96	0.443872	-0.429019
5.97	0.436437	-0.429459
5.98	0.428631	-0.429891
5.99	0.420423	-0.430316
6	0.411778	-0.430732
6.01	0.402654	-0.431139
6.02	0.393009	-0.431537
6.03	0.38279	-0.431925
6.04	0.371944	-0.432302
6.05	0.360405	-0.432669
6.06	0.348103	-0.433023
6.07	0.334956	-0.433365
6.08	0.320872	-0.433693
6.09	0.305748	-0.434006
6.1	0.289462	-0.434304
6.11	0.27188	-0.434585
6.12	0.252847	-0.434847
6.13	0.232184	-0.43509
6.14	0.20969	-0.435311
6.15	0.185134	-0.435508
6.16	0.158253	-0.43568
6.17	0.128751	-0.435824
6.18	0.0962945	-0.435937
6.19	0.0605152	-0.436016
6.2	0.0210118	-0.436057
6.21	-0.0226391	-0.436056
6.22	-0.0708654	-0.43601
6.23	-0.124067	-0.435913
6.24	-0.182568	-0.43576
6.25	-0.24654	-0.435546
6.26	-0.315912	-0.435265
6.27	-0.390255	-0.434912
6.28	-0.468672	-0.434483
6.29	-0.549725	-0.433974
6.3	-0.631454	-0.433383
6.31	-0.711515	-0.432712
6.32	-0.787458	-0.431962
6.33	-0.857082	-0.431139
6.34	-0.918758	-0.43025
6.35	-0.97162	-0.429304
6.36	-1.01558	-0.42831
6.37	-1.05116	-0.427276
6.38	-1.07932	-0.42621
6.39	-1.10119	-0.425119
6.4	-1.11789	-0.424009
6.41	-1.13049	-0.422885
6.42	-1.13988	-0.42175
6.43	-1.14682	-0.420606
6.44	-1.15189	-0.419457
6.45	-1.15555	-0.418303
6.46	-1.15816	-0.417146
6.47	-1.15999	-0.415987
6.48	-1.16124	-0.414826
6.49	-1.16206	-0.413664
6.5	-1.16257	-0.412502
6.51	-1.16284	-0.411339
6.52	-1.16294	-0.410176
6.53	-1.16292	-0.409013
6.54	-1.1628	-0.407851
6.55	-1.16261	-0.406688
6.56	-1.16237	-0.405525
6.57	-1.1621	-0.404363
6.58	-1.16179	-0.403201
6.59	-1.16147	-0.40204
6.6	-1.16113	-0.400878
6.61	-1.16078	-0.399717
6.62	-1.16042	-0.398557
6.63	-1.16006	-0.397396
6.64	-1.15969	-0.396237
6.65	-1.15931	-0.395077
6.66	-1.15894	-0.393918
6.67	-1.15856	-0.392759
6.68	-1.15818	-0.391601
6.69	-1.1578	-0.390443
6.7	-1.15742	-0.389285
6.71	-1.15704	-0.388128
6.72	-1.15666	-0.386971
6.73	-1.15628	-0.385815
6.74	-1.1559	-0.384659
6.75	-1.15551	-0.383503
6.76	-1.15513	-0.382348
6.77	-1.15474	-0.381193
6.78	-1.15436	-0.380038
6.79	-1.15398	-0.378884
6.8	-1.15359	-0.37773
6.81	-1.15321	-0.376577
6.82	-1.15282	-0.375424
6.83	-1.15244	-0.374271
6.84	-1.15205	-0.373119
6.85	-1.15167	-0.371967
6.86	-1.15128	-0.370815
6.87	-1.15089	-0.369664
6.88	-1.15051	-0.368514
6.89	-1.15012	-0.367363
6.9	-1.14973	-0.366213
6.91	-1.14935	-0.365064
6.92	-1.14896	-0.363915
6.93	-1.14857	-0.362766
6.94	-1.14818	-0.361618
6.95	-1.1478	-0.36047
6.96	-1.14741	-0.359322
6.97	-1.14702	-0.358175
6.98	-1.14663	-0.357028
6.99	-1.14624	-0.355882
7	-1.14585	-0.354736
7.01	-1.14546	-0.35359
7.02	-1.14507	-0.352445
7.03	-1.14468	-0.3513
7.04	-1.14429	-0.350155
7.05	-1.1439	-0.349011
7.06	-1.14351	-0.347867
7.07	-1.14312	-0.346724
7.08	-1.14273	-0.345581
7.09	-1.14234	-0.344439
7.1	-1.14195	-0.343296
7.11	-1.14156	-0.342155
7.12	-1.14117	-0.341013
7.13	-1.14078	-0.339872
7.14	-1.14038	-0.338732
7.15	-1.13999	-0.337592
7.16	-1.1396	-0.336452
7.17	-1.13921	-0.335312
7.18	-1.13881	-0.334173
7.19	-1.13842	-0.333035
7.2	-1.13803	-0.331897
7.21	-1.13763	-0.330759
7.22	-1.13724	-0.329621
7.23	-1.13684	-0.328484
7.24	-1.13645	-0.327348
7.25	-1.13605	-0.326211
7.26	-1.13566	-0.325076
7.27	-1.13526	-0.32394
7.28	-1.13487	-0.322805
7.29	-1.13447	-0.32167
7.3	-1.13408	-0.320536
7.31	-1.13368	-0.319402
7.32	-1.13329	-0.318269
7.33	-1.13289	-0.317136
7.34	-1.13249	-0.316003
7.35	-1.13209	-0.314871
7.36	-1.1317	-0.313739
7.37	-1.1313	-0.312607
7.38	-1.1309	-0.311476
7.39	-1.1305	-0.310345
7.4	-1.13011	-0.309215
7.41	-1.12971	-0.308085
7.42	-1.12931	-0.306956
7.43	-1.12891	-0.305827
7.44	-1.12851	-0.304698
7.45	-1.12811	-0.30357
7.46	-1.12771	-0.302442
7.47	-1.12731	-0.301314
7.48	-1.12691	-0.300187
7.49	-1.12651	-0.29906
7.5	-1.12611	-0.297934
7.51	-1.12571	-0.296808
7.52	-1.12531	-0.295683
7.53	-1.12491	-0.294557
7.54	-1.12451	-0.293433
7.55	-1.1241	-0.292308
7.56	-1.1237	-0.291185
7.57	-1.1233	-0.290061
7.58	-1.1229	-0.288938
7.59	-1.1225	-0.287815
7.6	-1.12209	-0.286693
7.61	-1.12169	-0.285571
7.62	-1.12129	-0.28445
7.63	-1.12088	-0.283329
7.64	-1.12048	-0.282208
7.65	-1.12007	-0.281088
7.66	-1.11967	-0.279968
7.67	-1.11926	-0.278848
7.68	-1.11886	-0.277729
7.69	-1.11845	-0.276611
7.7	-1.11805	-0.275492
7.71	-1.11764	-0.274374
7.72	-1.11724	-0.273257
7.73	-1.11683	-0.27214
7.74	-1.11642	-0.271023
7.75	-1.11602	-0.269907
7.76	-1.11561	-0.268791
7.77	-1.1152	-0.267676
7.78	-1.1148	-0.266561
7.79	-1.11439	-0.265446
7.8	-1.11398	-0.264332
7.81	-1.11357	-0.263218
7.82	-1.11316	-0.262105
7.83	-1.11275	-0.260992
7.84	-1.11234	-0.259879
7.85	-1.11194	-0.258767
7.86	-1.11153	-0.257656
7.87	-1.11112	-0.256544
7.88	-1.11071	-0.255433
7.89	-1.1103	-0.254323
7.9	-1.10988	-0.253213
7.91	-1.10947	-0.252103
7.92	-1.10906	-0.250994
7.93	-1.10865	-0.249885
7.94	-1.10824	-0.248776
7.95	-1.10783	-0.247668
7.96	-1.10742	-0.246561
7.97	-1.107	-0.245454
7.98	-1.10659	-0.244347
7.99	-1.10618	-0.24324
8	-1.10576	-0.242134
8.01	-1.10535	-0.241029
8.02	-1.10494	-0.239924
8.03	-1.10452	-0.238819
8.04	-1.10411	-0.237715
8.05	-1.10369	-0.236611
8.06	-1.10328	-0.235507
8.07	-1.10286	-0.234404
8.08	-1.10245	-0.233302
8.09	-1.10203	-0.232199
8.1	-1.10162	-0.231098
8.11	-1.1012	-0.229996
8.12	-1.10078	-0.228895
8.13	-1.10037	-0.227795
8.14	-1.09995	-0.226694
8.15	-1.09953	-0.225595
8.16	-1.09911	-0.224495
8.17	-1.0987	-0.223396
8.18	-1.09828	-0.222298
8.19	-1.09786	-0.2212
8.2	-1.09744	-0.220102
8.21	-1.09702	-0.219005
8.22	-1.0966	-0.217908
8.23	-1.09618	-0.216812
8.24	-1.09576	-0.215716
8.25	-1.09534	-0.21462
8.26	-1.09492	-0.213525
8.27	-1.0945	-0.21243
8.28	-1.09408	-0.211336
8.29	-1.09366	-0.210242
8.3	-1.09324	-0.209149
8.31	-1.09282	-0.208056
8.32	-1.09239	-0.206963
8.33	-1.09197	-0.205871
8.34	-1.09155	-0.204779
8.35	-1.09113	-0.203688
8.36	-1.0907	-0.202597
8.37	-1.09028	-0.201507
8.38	-1.08985	-0.200416
8.39	-1.08943	-0.199327
8.4	-1.08901	-0.198238
8.41	-1.08858	-0.197149
8.42	-1.08816	-0.19606
8.43	-1.08773	-0.194972
8.44	-1.08731	-0.193885
8.45	-1.08688	-0.192798
8.46	-1.08645	-0.191711
8.47	-1.08603	-0.190625
8.48	-1.0856	-0.189539
8.49	-1.08517	-0.188454
8.5	-1.08475	-0.187369
8.51	-1.08432	-0.186284
8.52	-1.08389	-0.1852
8.53	-1.08346	-0.184116
8.54	-1.08303	-0.183033
8.55	-1.0826	-0.18195
8.56	-1.08217	-0.180868
8.57	-1.08174	-0.179786
8.58	-1.08132	-0.178705
8.59	-1.08088	-0.177623
8.6	-1.08045	-0.176543
8.61	-1.08002	-0.175463
8.62	-1.07959	-0.174383
8.63	-1.07916	-0.173303
8.64	-1.07873	-0.172224
8.65	-1.0783	-0.171146
8.66	-1.07787	-0.170068
8.67	-1.07743	-0.16899
8.68	-1.077	-0.167913
8.69	-1.07657	-0.166836
8.7	-1.07613	-0.16576
8.71	-1.0757	-0.164684
8.72	-1.07527	-0.163608
8.73	-1.07483	-0.162533
8.74	-1.0744	-0.161459
8.75	-1.07396	-0.160385
8.76	-1.07353	-0.159311
8.77	-1.07309	-0.158238
8.78	-1.07265	-0.157165
8.79	-1.07222	-0.156092
8.8	-1.07178	-0.15502
8.81	-1.07134	-0.153949
8.82	-1.07091	-0.152878
8.83	-1.07047	-0.151807
8.84	-1.07003	-0.150737
8.85	-1.06959	-0.149667
8.86	-1.06915	-0.148597
8.87	-1.06871	-0.147528
8.88	-1.06828	-0.14646
8.89	-1.06784	-0.145392
8.9	-1.0674	-0.144324
8.91	-1.06696	-0.143257
8.92	-1.06652	-0.14219
8.93	-1.06607	-0.141124
8.94	-1.06563	-0.140058
8.95	-1.06519	-0.138993
8.96	-1.06475	-0.137928
8.97	-1.06431	-0.136863
8.98	-1.06386	-0.135799
8.99	-1.06342	-0.134736
9	-1.06298	-0.133672
9.01	-1.06254	-0.13261
9.02	-1.06209	-0.131547
9.03	-1.06165	-0.130485
9.04	-1.0612	-0.129424
9.05	-1.06076	-0.128363
9.06	-1.06031	-0.127303
9.07	-1.05987	-0.126242
9.08	-1.05942	-0.125183
9.09	-1.05897	-0.124124
9.1	-1.05853	-0.123065
9.11	-1.05808	-0.122007
9.12	-1.05763	-0.120949
9.13	-1.05719	-0.119891
9.14	-1.05674	-0.118834
9.15	-1.05629	-0.117778
9.16	-1.05584	-0.116722
9.17	-1.05539	-0.115666
9.18	-1.05494	-0.114611
9.19	-1.05449	-0.113556
9.2	-1.05404	-0.112502
9.21	-1.05359	-0.111448
9.22	-1.05314	-0.110395
9.23	-1.05269	-0.109342
9.24	-1.05224	-0.108289
9.25	-1.05179	-0.107237
9.26	-1.05133	-0.106186
9.27	-1.05088	-0.105135
9.28	-1.05043	-0.104084
9.29	-1.04998	-0.103034
9.3	-1.04952	-0.101984
9.31	-1.04907	-0.100935
9.32	-1.04861	-0.099886
9.33	-1.04816	-0.0988376
9.34	-1.0477	-0.0977897
9.35	-1.04725	-0.0967422
9.36	-1.04679	-0.0956952
9.37	-1.04634	-0.0946486
9.38	-1.04588	-0.0936025
9.39	-1.04542	-0.0925568
9.4	-1.04497	-0.0915116
9.41	-1.04451	-0.0904669
9.42	-1.04405	-0.0894226
9.43	-1.04359	-0.0883788
9.44	-1.04313	-0.0873355
9.45	-1.04267	-0.0862925
9.46	-1.04221	-0.0852501
9.47	-1.04175	-0.0842081
9.48	-1.04129	-0.0831666
9.49	-1.04083	-0.0821255
9.5	-1.04037	-0.0810849
9.51	-1.03991	-0.0800448
9.52	-1.03945	-0.0790051
9.53	-1.03899	-0.0779659
9.54	-1.03852	-0.0769271
9.55	-1.03806	-0.0758889
9.56	-1.0376	-0.074851
9.57	-1.03713	-0.0738137
9.58	-1.03667	-0.0727768
9.59	-1.0362	-0.0717403
9.6	-1.03574	-0.0707044
9.61	-1.03527	-0.0696688
9.62	-1.03481	-0.0686338
9.63	-1.03434	-0.0675992
9.64	-1.03388	-0.0665651
9.65	-1.03341	-0.0655315
9.66	-1.03294	-0.0644983
9.67	-1.03247	-0.0634656
9.68	-1.03201	-0.0624334
9.69	-1.03154	-0.0614016
9.7	-1.03107	-0.0603703
9.71	-1.0306	-0.0593394
9.72	-1.03013	-0.0583091
9.73	-1.02966	-0.0572792
9.74	-1.02919	-0.0562498
9.75	-1.02872	-0.0552208
9.76	-1.02825	-0.0541923
9.77	-1.02777	-0.0531643
9.78	-1.0273	-0.0521368
9.79	-1.02683	-0.0511097
9.8	-1.02636	-0.0500831
9.81	-1.02588	-0.049057
9.82	-1.02541	-0.0480314
9.83	-1.02493	-0.0470062
9.84	-1.02446	-0.0459815
9.85	-1.02399	-0.0449573
9.86	-1.02351	-0.0439335
9.87	-1.02303	-0.0429102
9.88	-1.02256	-0.0418875
9.89	-1.02208	-0.0408651
9.9	-1.0216	-0.0398433
9.91	-1.02113	-0.0388219
9.92	-1.02065	-0.037801
9.93	-1.02017	-0.0367806
9.94	-1.01969	-0.0357607
9.95	-1.01921	-0.0347413
9.96	-1.01873	-0.0337223
9.97	-1.01825	-0.0327038
9.98	-1.01777	-0.0316858
9.99	-1.01729	-0.0306682
10	-1.01681	-0.0296512
10.01	-1.01633	-0.0286346
10.02	-1.01584	-0.0276185
10.03	-1.01536	-0.0266029
10.04	-1.01488	-0.0255878
10.05	-1.01439	-0.0245732
10.06	-1.01391	-0.023559
10.07	-1.01343	-0.0225454
10.08	-1.01294	-0.0215322
10.09	-1.01245	-0.0205195
10.1	-1.01197	-0.0195073
10.11	-1.01148	-0.0184956
10.12	-1.011	-0.0174843
10.13	-1.01051	-0.0164736
10.14	-1.01002	-0.0154633
10.15	-1.00953	-0.0144535
10.16	-1.00904	-0.0134442
10.17	-1.00855	-0.0124354
10.18	-1.00806	-0.0114271
10.19	-1.00757	-0.0104193
10.2	-1.00708	-0.00941197
10.21	-1.00659	-0.00840513
10.22	-1.0061	-0.00739879
10.23	-1.00561	-0.00639293
10.24	-1.00512	-0.00538757
10.25	-1.00462	-0.0043827
10.26	-1.00413	-0.00337832
10.27	-1.00364	-0.00237443
10.28	-1.00314	-0.00137104
10.29	-1.00265	-0.000368147
10.3	-1.00215	0.000634253
10.31	-1.00166	0.00163616
10.32	-1.00116	0.00263757
10.33	-1.00066	0.00363848
10.34	-1.00017	0.0046389
10.35	-0.99967	0.00563882
10.36	-0.999172	0.00663824
10.37	-0.998673	0.00763716
10.38	-0.998174	0.00863558
10.39	-0.997674	0.00963351
10.4	-0.997174	0.0106309
10.41	-0.996674	0.0116279
10.42	-0.996173	0.0126243
10.43	-0.995671	0.0136202
10.44	-0.995169	0.0146156
10.45	-0.994666	0.0156105
10.46	-0.994163	0.016605
10.47	-0.99366	0.0175989
10.48	-0.993156	0.0185923
10.49	-0.992651	0.0195852
10.5	-0.992146	0.0205776
10.51	-0.99164	0.0215695
10.52	-0.991134	0.0225609
10.53	-0.990627	0.0235517
10.54	-0.99012	0.0245421
10.55	-0.989612	0.025532
10.56	-0.989104	0.0265213
10.57	-0.988596	0.0275102
10.58	-0.988086	0.0284985
10.59	-0.987577	0.0294864
10.6	-0.987066	0.0304737
10.61	-0.986555	0.0314605
10.62	-0.986044	0.0324468
10.63	-0.985532	0.0334326
10.64	-0.98502	0.0344179
10.65	-0.984507	0.0354026
10.66	-0.983993	0.0363869
10.67	-0.983479	0.0373706
10.68	-0.982965	0.0383538
10.69	-0.982449	0.0393365
10.7	-0.981934	0.0403187
10.71	-0.981418	0.0413004
10.72	-0.980901	0.0422816
10.73	-0.980383	0.0432622
10.74	-0.979866	0.0442423
10.75	-0.979347	0.0452219
10.76	-0.978828	0.046201
10.77	-0.978309	0.0471796
10.78	-0.977789	0.0481576
10.79	-0.977268	0.0491352
10.8	-0.976747	0.0501122
10.81	-0.976225	0.0510887
10.82	-0.975703	0.0520646
10.83	-0.97518	0.0530401
10.84	-0.974656	0.054015
10.85	-0.974132	0.0549894
10.86	-0.973607	0.0559632
10.87	-0.973082	0.0569366
10.88	-0.972556	0.0579094
10.89	-0.97203	0.0588817
10.9	-0.971503	0.0598535
10.91	-0.970975	0.0608247
10.92	-0.970447	0.0617954
10.93	-0.969919	0.0627656
10.94	-0.969389	0.0637353
10.95	-0.968859	0.0647044
10.96	-0.968329	0.065673
10.97	-0.967798	0.066641
10.98	-0.967266	0.0676086
10.99	-0.966734	0.0685756
11	-0.966201	0.069542
11.01	-0.965667	0.070508
11.02	-0.965133	0.0714734
11.03	-0.964598	0.0724382
11.04	-0.964063	0.0734026
11.05	-0.963527	0.0743664
11.06	-0.96299	0.0753296
11.07	-0.962453	0.0762923
11.08	-0.961915	0.0772545
11.09	-0.961377	0.0782162
11.1	-0.960838	0.0791773
11.11	-0.960298	0.0801378
11.12	-0.959758	0.0810979
11.13	-0.959217	0.0820574
11.14	-0.958675	0.0830163
11.15	-0.958133	0.0839747
11.16	-0.95759	0.0849326
11.17	-0.957047	0.0858899
11.18	-0.956502	0.0868467
11.19	-0.955957	0.0878029
11.2	-0.955412	0.0887586
11.21	-0.954866	0.0897137
11.22	-0.954319	0.0906683
11.23	-0.953772	0.0916224
11.24	-0.953223	0.0925759
11.25	-0.952675	0.0935288
11.26	-0.952125	0.0944812
11.27	-0.951575	0.0954331
11.28	-0.951024	0.0963844
11.29	-0.950473	0.0973351
11.3	-0.949921	0.0982853
11.31	-0.949368	0.0992349
11.32	-0.948814	0.100184
11.33	-0.94826	0.101133
11.34	-0.947705	0.102081
11.35	-0.94715	0.103028
11.36	-0.946593	0.103975
11.37	-0.946036	0.104921
11.38	-0.945479	0.105867
11.39	-0.94492	0.106812
11.4	-0.944361	0.107757
11.41	-0.943802	0.108701
11.42	-0.943241	0.109644
11.43	-0.94268	0.110587
11.44	-0.942118	0.11153
11.45	-0.941555	0.112472
11.46	-0.940992	0.113413
11.47	-0.940428	0.114354
11.48	-0.939863	0.115294
11.49	-0.939298	0.116233
11.5	-0.938731	0.117172
11.51	-0.938164	0.118111
11.52	-0.937597	0.119049
11.53	-0.937028	0.119986
11.54	-0.936459	0.120923
11.55	-0.935889	0.121859
11.56	-0.935318	0.122794
11.57	-0.934747	0.123729
11.58	-0.934174	0.124664
11.59	-0.933601	0.125598
11.6	-0.933027	0.126531
11.61	-0.932453	0.127464
11.62	-0.931878	0.128396
11.63	-0.931302	0.129328
11.64	-0.930725	0.130259
11.65	-0.930147	0.131189
11.66	-0.929569	0.132119
11.67	-0.928989	0.133048
11.68	-0.928409	0.133977
11.69	-0.927828	0.134905
11.7	-0.927247	0.135833
11.71	-0.926664	0.13676
11.72	-0.926081	0.137686
11.73	-0.925497	0.138612
11.74	-0.924912	0.139537
11.75	-0.924327	0.140462
11.76	-0.92374	0.141386
11.77	-0.923153	0.142309
11.78	-0.922565	0.143232
11.79	-0.921976	0.144154
11.8	-0.921386	0.145076
11.81	-0.920795	0.145997
11.82	-0.920204	0.146917
11.83	-0.919611	0.147837
11.84	-0.919018	0.148757
11.85	-0.918424	0.149675
11.86	-0.917829	0.150593
11.87	-0.917234	0.151511
11.88	-0.916637	0.152428
11.89	-0.916039	0.153344
11.9	-0.915441	0.15426
11.91	-0.914842	0.155175
11.92	-0.914242	0.15609
11.93	-0.913641	0.157004
11.94	-0.913039	0.157917
11.95	-0.912436	0.15883
11.96	-0.911832	0.159742
11.97	-0.911228	0.160653
11.98	-0.910622	0.161564
11.99	-0.910016	0.162475
12	-0.909408	0.163384
12.01	-0.9088	0.164293
12.02	-0.908191	0.165202
12.03	-0.907581	0.16611
12.04	-0.90697	0.167017
12.05	-0.906358	0.167924
12.06	-0.905745	0.16883
12.07	-0.905131	0.169735
12.08	-0.904516	0.17064
12.09	-0.9039	0.171544
12.1	-0.903283	0.172448
12.11	-0.902666	0.173351
12.12	-0.902047	0.174253
12.13	-0.901427	0.175155
12.14	-0.900807	0.176056
12.15	-0.900185	0.176957
12.16	-0.899562	0.177856
12.17	-0.898939	0.178756
12.18	-0.898314	0.179654
12.19	-0.897689	0.180552
12.2	-0.897062	0.18145
12.21	-0.896434	0.182346
12.22	-0.895806	0.183243
12.23	-0.895176	0.184138
12.24	-0.894545	0.185033
12.25	-0.893913	0.185927
12.26	-0.893281	0.186821
12.27	-0.892647	0.187714
12.28	-0.892012	0.188606
12.29	-0.891376	0.189498
12.3	-0.890739	0.190389
12.31	-0.890101	0.191279
12.32	-0.889461	0.192169
12.33	-0.888821	0.193058
12.34	-0.88818	0.193947
12.35	-0.887537	0.194834
12.36	-0.886894	0.195722
12.37	-0.886249	0.196608
12.38	-0.885603	0.197494
12.39	-0.884956	0.198379
12.4	-0.884308	0.199264
12.41	-0.883659	0.200148
12.42	-0.883009	0.201031
12.43	-0.882357	0.201914
12.44	-0.881705	0.202796
12.45	-0.881051	0.203678
12.46	-0.880396	0.204558
12.47	-0.87974	0.205438
12.48	-0.879083	0.206318
12.49	-0.878424	0.207196
12.5	-0.877765	0.208075
12.51	-0.877104	0.208952
12.52	-0.876442	0.209829
12.53	-0.875779	0.210705
12.54	-0.875114	0.21158
12.55	-0.874449	0.212455
12.56	-0.873782	0.213329
12.57	-0.873114	0.214203
12.58	-0.872444	0.215075
12.59	-0.871774	0.215948
12.6	-0.871102	0.216819
12.61	-0.870429	0.21769
12.62	-0.869754	0.21856
12.63	-0.869078	0.219429
12.64	-0.868401	0.220298
12.65	-0.867723	0.221166
12.66	-0.867044	0.222033
12.67	-0.866363	0.2229
12.68	-0.86568	0.223766
12.69	-0.864997	0.224632
12.7	-0.864312	0.225496
12.71	-0.863626	0.22636
12.72	-0.862938	0.227223
12.73	-0.862249	0.228086
12.74	-0.861559	0.228948
12.75	-0.860867	0.229809
12.76	-0.860174	0.23067
12.77	-0.85948	0.231529
12.78	-0.858784	0.232389
12.79	-0.858086	0.233247
12.8	-0.857388	0.234105
12.81	-0.856687	0.234962
12.82	-0.855986	0.235818
12.83	-0.855283	0.236674
12.84	-0.854578	0.237529
12.85	-0.853872	0.238383
12.86	-0.853165	0.239236
12.87	-0.852456	0.240089
12.88	-0.851745	0.240941
12.89	-0.851034	0.241793
12.9	-0.85032	0.242643
12.91	-0.849605	0.243493
12.92	-0.848888	0.244343
12.93	-0.84817	0.245191
12.94	-0.847451	0.246039
12.95	-0.84673	0.246886
12.96	-0.846007	0.247732
12.97	-0.845282	0.248578
12.98	-0.844556	0.249423
12.99	-0.843829	0.250267
13	-0.8431	0.251111
13.01	-0.842369	0.251953
13.02	-0.841636	0.252795
13.03	-0.840902	0.253637
13.04	-0.840166	0.254477
13.05	-0.839429	0.255317
13.06	-0.838689	0.256156
13.07	-0.837948	0.256994
13.08	-0.837206	0.257832
13.09	-0.836461	0.258669
13.1	-0.835715	0.259505
13.11	-0.834967	0.26034
13.12	-0.834218	0.261175
13.13	-0.833466	0.262009
13.14	-0.832713	0.262842
13.15	-0.831958	0.263674
13.16	-0.831201	0.264506
13.17	-0.830443	0.265337
13.18	-0.829682	0.266167
13.19	-0.82892	0.266996
13.2	-0.828155	0.267824
13.21	-0.827389	0.268652
13.22	-0.826621	0.269479
13.23	-0.825851	0.270305
13.24	-0.825079	0.271131
13.25	-0.824305	0.271956
13.26	-0.823529	0.272779
13.27	-0.822752	0.273603
13.28	-0.821972	0.274425
13.29	-0.82119	0.275247
13.3	-0.820406	0.276067
13.31	-0.81962	0.276887
13.32	-0.818832	0.277707
13.33	-0.818042	0.278525
13.34	-0.81725	0.279343
13.35	-0.816456	0.28016
13.36	-0.815659	0.280976
13.37	-0.814861	0.281791
13.38	-0.81406	0.282605
13.39	-0.813257	0.283419
13.4	-0.812452	0.284232
13.41	-0.811645	0.285044
13.42	-0.810835	0.285855
13.43	-0.810024	0.286666
13.44	-0.809209	0.287475
13.45	-0.808393	0.288284
13.46	-0.807574	0.289092
13.47	-0.806753	0.289899
13.48	-0.80593	0.290705
13.49	-0.805104	0.291511
13.5	-0.804276	0.292316
13.51	-0.803445	0.29312
13.52	-0.802612	0.293923
13.53	-0.801777	0.294725
13.54	-0.800939	0.295526
13.55	-0.800099	0.296327
13.56	-0.799256	0.297126
13.57	-0.79841	0.297925
13.58	-0.797562	0.298723
13.59	-0.796711	0.29952
13.6	-0.795858	0.300317
13.61	-0.795002	0.301112
13.62	-0.794143	0.301907
13.63	-0.793282	0.3027
13.64	-0.792418	0.303493
13.65	-0.791551	0.304285
13.66	-0.790681	0.305076
13.67	-0.789809	0.305866
13.68	-0.788933	0.306656
13.69	-0.788055	0.307444
13.7	-0.787174	0.308232
13.71	-0.78629	0.309019
13.72	-0.785403	0.309805
13.73	-0.784513	0.310589
13.74	-0.783621	0.311374
13.75	-0.782725	0.312157
13.76	-0.781826	0.312939
13.77	-0.780924	0.31372
13.78	-0.780018	0.314501
13.79	-0.77911	0.31528
13.8	-0.778198	0.316059
13.81	-0.777284	0.316837
13.82	-0.776365	0.317614
13.83	-0.775444	0.31839
13.84	-0.774519	0.319165
13.85	-0.773591	0.319939
13.86	-0.77266	0.320712
13.87	-0.771725	0.321484
13.88	-0.770786	0.322255
13.89	-0.769844	0.323025
13.9	-0.768899	0.323795
13.91	-0.76795	0.324563
13.92	-0.766997	0.325331
13.93	-0.766041	0.326097
13.94	-0.76508	0.326863
13.95	-0.764116	0.327627
13.96	-0.763149	0.328391
13.97	-0.762177	0.329154
13.98	-0.761201	0.329915
13.99	-0.760222	0.330676
14	-0.759238	0.331436
14.01	-0.758251	0.332195
14.02	-0.757259	0.332952
14.03	-0.756263	0.333709
14.04	-0.755263	0.334465
14.05	-0.754259	0.33522
14.06	-0.753251	0.335973
14.07	-0.752238	0.336726
14.08	-0.751221	0.337478
14.09	-0.750199	0.338229
14.1	-0.749172	0.338978
14.11	-0.748142	0.339727
14.12	-0.747106	0.340475
14.13	-0.746066	0.341221
14.14	-0.745021	0.341967
14.15	-0.743971	0.342711
14.16	-0.742916	0.343455
14.17	-0.741856	0.344197
14.18	-0.740792	0.344938
14.19	-0.739722	0.345679
14.2	-0.738647	0.346418
14.21	-0.737567	0.347156
14.22	-0.736481	0.347893
14.23	-0.73539	0.348629
14.24	-0.734294	0.349364
14.25	-0.733192	0.350097
14.26	-0.732084	0.35083
14.27	-0.730971	0.351562
14.28	-0.729852	0.352292
14.29	-0.728727	0.353021
14.3	-0.727596	0.353749
14.31	-0.726459	0.354476
14.32	-0.725316	0.355202
14.33	-0.724166	0.355927
14.34	-0.72301	0.356651
14.35	-0.721848	0.357373
14.36	-0.72068	0.358094
14.37	-0.719504	0.358814
14.38	-0.718322	0.359533
14.39	-0.717133	0.360251
14.4	-0.715937	0.360968
14.41	-0.714734	0.361683
14.42	-0.713523	0.362397
14.43	-0.712306	0.36311
14.44	-0.711081	0.363822
14.45	-0.709848	0.364532
14.46	-0.708608	0.365241
14.47	-0.707359	0.365949
14.48	-0.706103	0.366656
14.49	-0.704839	0.367362
14.5	-0.703566	0.368066
14.51	-0.702285	0.368769
14.52	-0.700995	0.36947
14.53	-0.699697	0.370171
14.54	-0.698389	0.37087
14.55	-0.697073	0.371568
14.56	-0.695747	0.372264
14.57	-0.694412	0.372959
14.58	-0.693068	0.373653
14.59	-0.691713	0.374345
14.6	-0.690349	0.375036
14.61	-0.688974	0.375726
14.62	-0.687589	0.376414
14.63	-0.686194	0.377101
14.64	-0.684787	0.377786
14.65	-0.68337	0.378471
14.66	-0.681941	0.379153
14.67	-0.680501	0.379834
14.68	-0.679049	0.380514
14.69	-0.677585	0.381193
14.7	-0.676108	0.381869
14.71	-0.67462	0.382545
14.72	-0.673118	0.383219
14.73	-0.671603	0.383891
14.74	-0.670075	0.384562
14.75	-0.668533	0.385231
14.76	-0.666977	0.385899
14.77	-0.665406	0.386565
14.78	-0.663821	0.38723
14.79	-0.662221	0.387893
14.8	-0.660605	0.388554
14.81	-0.658973	0.389214
14.82	-0.657325	0.389872
14.83	-0.655661	0.390529
14.84	-0.653979	0.391183
14.85	-0.65228	0.391837
14.86	-0.650563	0.392488
14.87	-0.648827	0.393138
14.88	-0.647072	0.393786
14.89	-0.645298	0.394432
14.9	-0.643504	0.395076
14.91	-0.641689	0.395719
14.92	-0.639853	0.39636
14.93	-0.637995	0.396998
14.94	-0.636114	0.397636
14.95	-0.63421	0.398271
14.96	-0.632283	0.398904
14.97	-0.630331	0.399535
14.98	-0.628354	0.400165
14.99	-0.62635	0.400792
15	-0.62432	0.401417
15.01	-0.622261	0.402041
15.02	-0.620174	0.402662
15.03	-0.618058	0.403281
15.04	-0.61591	0.403898
15.05	-0.613731	0.404513
15.06	-0.611519	0.405125
15.07	-0.609274	0.405736
15.08	-0.606992	0.406344
15.09	-0.604675	0.40695
15.1	-0.602319	0.407553
15.11	-0.599925	0.408154
15.12	-0.597489	0.408753
15.13	-0.595011	0.409349
15.14	-0.59249	0.409943
15.15	-0.589922	0.410534
15.16	-0.587307	0.411123
15.17	-0.584642	0.411709
15.18	-0.581926	0.412292
15.19	-0.579156	0.412873
15.2	-0.57633	0.41345
15.21	-0.573445	0.414025
15.22	-0.570498	0.414597
15.23	-0.567488	0.415166
15.24	-0.564411	0.415732
15.25	-0.561263	0.416295
15.26	-0.558042	0.416855
15.27	-0.554743	0.417411
15.28	-0.551363	0.417964
15.29	-0.547898	0.418514
15.3	-0.544344	0.41906
15.31	-0.540695	0.419603
15.32	-0.536946	0.420141
15.33	-0.533092	0.420676
15.34	-0.529127	0.421208
15.35	-0.525045	0.421735
15.36	-0.520839	0.422258
15.37	-0.516501	0.422776
15.38	-0.512023	0.423291
15.39	-0.507397	0.4238
15.4	-0.502613	0.424305
15.41	-0.497661	0.424805
15.42	-0.49253	0.425301
15.43	-0.487207	0.42579
15.44	-0.481679	0.426275
15.45	-0.475931	0.426754
15.46	-0.469948	0.427227
15.47	-0.463712	0.427694
15.48	-0.457203	0.428154
15.49	-0.4504	0.428608
15.5	-0.443279	0.429055
15.51	-0.435815	0.429494
15.52	-0.427978	0.429926
15.53	-0.419736	0.43035
15.54	-0.411053	0.430766
15.55	-0.401888	0.431172
15.56	-0.392198	0.431569
15.57	-0.381931	0.431956
15.58	-0.37103	0.432333
15.59	-0.359432	0.432698
15.6	-0.347064	0.433051
15.61	-0.333845	0.433392
15.62	-0.31968	0.433719
15.63	-0.304466	0.434031
15.64	-0.28808	0.434327
15.65	-0.270386	0.434607
15.66	-0.251226	0.434868
15.67	-0.230422	0.435109
15.68	-0.207769	0.435328
15.69	-0.183034	0.435523
15.7	-0.155951	0.435693
15.71	-0.126221	0.435834
15.72	-0.0935083	0.435945
15.73	-0.0574409	0.43602
15.74	-0.0176157	0.436058
15.75	0.0263923	0.436054
15.76	0.0750098	0.436004
15.77	0.128633	0.435902
15.78	0.187575	0.435745
15.79	0.251994	0.435525
15.8	0.321793	0.435239
15.81	0.396509	0.43488
15.82	0.475201	0.434445
15.83	0.55639	0.433929
15.84	0.638074	0.433332
15.85	0.71789	0.432653
15.86	0.793395	0.431897
15.87	0.862423	0.431069
15.88	0.923402	0.430175
15.89	0.975532	0.429225
15.9	1.01878	0.428227
15.91	1.05372	0.42719
15.92	1.08133	0.426122
15.93	1.10273	0.42503
15.94	1.11906	0.423918
15.95	1.13136	0.422793
15.96	1.14053	0.421657
15.97	1.14729	0.420513
15.98	1.15223	0.419363
15.99	1.1558	0.418209
16	1.15833	0.417051
16.01	1.16011	0.415892
16.02	1.16132	0.414731
16.03	1.16212	0.41357
16.04	1.1626	0.412407
16.05	1.16286	0.411245
16.06	1.16295	0.410082
16.07	1.16291	0.408919
16.08	1.16279	0.407756
16.09	1.16259	0.406593
16.1	1.16235	0.405431
16.11	1.16207	0.404268
16.12	1.16177	0.403107
16.13	1.16144	0.401945
16.14	1.1611	0.400784
16.15	1.16075	0.399623
16.16	1.16039	0.398462
16.17	1.16003	0.397302
16.18	1.15966	0.396142
16.19	1.15928	0.394983
16.2	1.15891	0.393824
16.21	1.15853	0.392665
16.22	1.15815	0.391506
16.23	1.15777	0.390348
16.24	1.15739	0.389191
16.25	1.15701	0.388034
16.26	1.15663	0.386877
16.27	1.15625	0.38572
16.28	1.15586	0.384564
16.29	1.15548	0.383409
16.3	1.1551	0.382253
16.31	1.15471	0.381099
16.32	1.15433	0.379944
16.33	1.15394	0.37879
16.34	1.15356	0.377636
16.35	1.15318	0.376483
16.36	1.15279	0.37533
16.37	1.1524	0.374177
16.38	1.15202	0.373025
16.39	1.15163	0.371873
16.4	1.15125	0.370722
16.41	1.15086	0.369571
16.42	1.15047	0.36842
16.43	1.15009	0.36727
16.44	1.1497	0.36612
16.45	1.14931	0.36497
16.46	1.14893	0.363821
16.47	1.14854	0.362672
16.48	1.14815	0.361524
16.49	1.14776	0.360376
16.5	1.14738	0.359229
16.51	1.14699	0.358081
16.52	1.1466	0.356935
16.53	1.14621	0.355788
16.54	1.14582	0.354642
16.55	1.14543	0.353497
16.56	1.14504	0.352351
16.57	1.14465	0.351206
16.58	1.14426	0.350062
16.59	1.14387	0.348918
16.6	1.14348	0.347774
16.61	1.14309	0.346631
16.62	1.1427	0.345488
16.63	1.14231	0.344346
16.64	1.14192	0.343203
16.65	1.14153	0.342062
16.66	1.14114	0.34092
16.67	1.14074	0.339779
16.68	1.14035	0.338639
16.69	1.13996	0.337499
16.7	1.13957	0.336359
16.71	1.13917	0.33522
16.72	1.13878	0.334081
16.73	1.13839	0.332942
16.74	1.13799	0.331804
16.75	1.1376	0.330666
16.76	1.13721	0.329529
16.77	1.13681	0.328392
16.78	1.13642	0.327255
16.79	1.13602	0.326119
16.8	1.13563	0.324983
16.81	1.13523	0.323848
16.82	1.13484	0.322713
16.83	1.13444	0.321578
16.84	1.13405	0.320444
16.85	1.13365	0.31931
16.86	1.13325	0.318176
16.87	1.13286	0.317043
16.88	1.13246	0.315911
16.89	1.13206	0.314778
16.9	1.13167	0.313647
16.91	1.13127	0.312515
16.92	1.13087	0.311384
16.93	1.13047	0.310253
16.94	1.13007	0.309123
16.95	1.12968	0.307993
16.96	1.12928	0.306864
16.97	1.12888	0.305735
16.98	1.12848	0.304606
16.99	1.12808	0.303478
17	1.12768	0.30235
17.01	1.12728	0.301222
17.02	1.12688	0.300095
17.03	1.12648	0.298969
17.04	1.12608	0.297842
17.05	1.12568	0.296716
17.06	1.12528	0.295591
17.07	1.12488	0.294466
17.08	1.12447	0.293341
17.09	1.12407	0.292217
17.1	1.12367	0.291093
17.11	1.12327	0.28997
17.12	1.12287	0.288846
17.13	1.12246	0.287724
17.14	1.12206	0.286602
17.15	1.12166	0.28548
17.16	1.12125	0.284358
17.17	1.12085	0.283237
17.18	1.12044	0.282117
17.19	1.12004	0.280996
17.2	1.11964	0.279876
17.21	1.11923	0.278757
17.22	1.11883	0.277638
17.23	1.11842	0.276519
17.24	1.11802	0.275401
17.25	1.11761	0.274283
17.26	1.1172	0.273166
17.27	1.1168	0.272049
17.28	1.11639	0.270932
17.29	1.11598	0.269816
17.3	1.11558	0.2687
17.31	1.11517	0.267585
17.32	1.11476	0.26647
17.33	1.11435	0.265355
17.34	1.11395	0.264241
17.35	1.11354	0.263128
17.36	1.11313	0.262014
17.37	1.11272	0.260901
17.38	1.11231	0.259789
17.39	1.1119	0.258677
17.4	1.11149	0.257565
17.41	1.11108	0.256454
17.42	1.11067	0.255343
17.43	1.11026	0.254232
17.44	1.10985	0.253122
17.45	1.10944	0.252013
17.46	1.10903	0.250903
17.47	1.10862	0.249795
17.48	1.10821	0.248686
17.49	1.10779	0.247578
17.5	1.10738	0.246471
17.51	1.10697	0.245363
17.52	1.10656	0.244257
17.53	1.10614	0.24315
17.54	1.10573	0.242044
17.55	1.10532	0.240939
17.56	1.1049	0.239834
17.57	1.10449	0.238729
17.58	1.10407	0.237625
17.59	1.10366	0.236521
17.6	1.10324	0.235417
17.61	1.10283	0.234314
17.62	1.10241	0.233212
17.63	1.102	0.23211
17.64	1.10158	0.231008
17.65	1.10117	0.229906
17.66	1.10075	0.228805
17.67	1.10033	0.227705
17.68	1.09992	0.226605
17.69	1.0995	0.225505
17.7	1.09908	0.224406
17.71	1.09866	0.223307
17.72	1.09824	0.222208
17.73	1.09783	0.22111
17.74	1.09741	0.220013
17.75	1.09699	0.218916
17.76	1.09657	0.217819
17.77	1.09615	0.216722
17.78	1.09573	0.215627
17.79	1.09531	0.214531
17.8	1.09489	0.213436
17.81	1.09447	0.212341
17.82	1.09405	0.211247
17.83	1.09363	0.210153
17.84	1.0932	0.20906
17.85	1.09278	0.207967
17.86	1.09236	0.206874
17.87	1.09194	0.205782
17.88	1.09151	0.20469
17.89	1.09109	0.203599
17.9	1.09067	0.202508
17.91	1.09024	0.201418
17.92	1.08982	0.200328
17.93	1.0894	0.199238
17.94	1.08897	0.198149
17.95	1.08855	0.19706
17.96	1.08812	0.195972
17.97	1.0877	0.194884
17.98	1.08727	0.193796
17.99	1.08684	0.192709
18	1.08642	0.191623
18.01	1.08599	0.190536
18.02	1.08557	0.189451
18.03	1.08514	0.188365
18.04	1.08471	0.18728
18.05	1.08428	0.186196
18.06	1.08385	0.185112
18.07	1.08343	0.184028
18.08	1.083	0.182945
18.09	1.08257	0.181862
18.1	1.08214	0.18078
18.11	1.08171	0.179698
18.12	1.08128	0.178616
18.13	1.08085	0.177535
18.14	1.08042	0.176455
18.15	1.07999	0.175375
18.16	1.07956	0.174295
18.17	1.07913	0.173215
18.18	1.07869	0.172137
18.19	1.07826	0.171058
18.2	1.07783	0.16998
18.21	1.0774	0.168902
18.22	1.07696	0.167825
18.23	1.07653	0.166748
18.24	1.0761	0.165672
18.25	1.07566	0.164596
18.26	1.07523	0.163521
18.27	1.0748	0.162446
18.28	1.07436	0.161371
18.29	1.07393	0.160297
18.3	1.07349	0.159223
18.31	1.07305	0.15815
18.32	1.07262	0.157077
18.33	1.07218	0.156005
18.34	1.07175	0.154933
18.35	1.07131	0.153861
18.36	1.07087	0.15279
18.37	1.07043	0.15172
18.38	1.07	0.150649
18.39	1.06956	0.14958
18.4	1.06912	0.14851
18.41	1.06868	0.147441
18.42	1.06824	0.146373
18.43	1.0678	0.145305
18.44	1.06736	0.144237
18.45	1.06692	0.14317
18.46	1.06648	0.142103
18.47	1.06604	0.141037
18.48	1.0656	0.139971
18.49	1.06516	0.138906
18.5	1.06471	0.137841
18.51	1.06427	0.136777
18.52	1.06383	0.135713
18.53	1.06339	0.134649
18.54	1.06294	0.133586
18.55	1.0625	0.132523
18.56	1.06206	0.131461
18.57	1.06161	0.130399
18.58	1.06117	0.129338
18.59	1.06072	0.128277
18.6	1.06028	0.127216
18.61	1.05983	0.126156
18.62	1.05938	0.125096
18.63	1.05894	0.124037
18.64	1.05849	0.122979
18.65	1.05804	0.12192
18.66	1.0576	0.120862
18.67	1.05715	0.119805
18.68	1.0567	0.118748
18.69	1.05625	0.117692
18.7	1.0558	0.116636
18.71	1.05536	0.11558
18.72	1.05491	0.114525
18.73	1.05446	0.11347
18.74	1.05401	0.112416
18.75	1.05356	0.111362
18.76	1.0531	0.110309
18.77	1.05265	0.109256
18.78	1.0522	0.108204
18.79	1.05175	0.107152
18.8	1.0513	0.1061
18.81	1.05085	0.105049
18.82	1.05039	0.103998
18.83	1.04994	0.102948
18.84	1.04948	0.101899
18.85	1.04903	0.100849
18.86	1.04858	0.0998005
18.87	1.04812	0.0987522
18.88	1.04767	0.0977043
18.89	1.04721	0.0966568
18.9	1.04676	0.0956099
18.91	1.0463	0.0945633
18.92	1.04584	0.0935173
18.93	1.04539	0.0924716
18.94	1.04493	0.0914265
18.95	1.04447	0.0903818
18.96	1.04401	0.0893376
18.97	1.04355	0.0882938
18.98	1.04309	0.0872504
18.99	1.04264	0.0862076
19	1.04218	0.0851652
19.01	1.04172	0.0841232
19.02	1.04126	0.0830817
19.03	1.04079	0.0820407
19.04	1.04033	0.0810002
19.05	1.03987	0.0799601
19.06	1.03941	0.0789204
19.07	1.03895	0.0778812
19.08	1.03849	0.0768425
19.09	1.03802	0.0758043
19.1	1.03756	0.0747665
19.11	1.0371	0.0737291
19.12	1.03663	0.0726923
19.13	1.03617	0.0716559
19.14	1.0357	0.0706199
19.15	1.03524	0.0695845
19.16	1.03477	0.0685495
19.17	1.0343	0.0675149
19.18	1.03384	0.0664809
19.19	1.03337	0.0654473
19.2	1.0329	0.0644141
19.21	1.03244	0.0633815
19.22	1.03197	0.0623493
19.23	1.0315	0.0613175
19.24	1.03103	0.0602863
19.25	1.03056	0.0592555
19.26	1.03009	0.0582251
19.27	1.02962	0.0571953
19.28	1.02915	0.0561659
19.29	1.02868	0.055137
19.3	1.02821	0.0541085
19.31	1.02774	0.0530806
19.32	1.02726	0.0520531
19.33	1.02679	0.051026
19.34	1.02632	0.0499995
19.35	1.02584	0.0489734
19.36	1.02537	0.0479478
19.37	1.0249	0.0469227
19.38	1.02442	0.045898
19.39	1.02395	0.0448738
19.4	1.02347	0.0438501
19.41	1.023	0.0428269
19.42	1.02252	0.0418041
19.43	1.02204	0.0407818
19.44	1.02156	0.03976
19.45	1.02109	0.0387387
19.46	1.02061	0.0377179
19.47	1.02013	0.0366975
19.48	1.01965	0.0356776
19.49	1.01917	0.0346582
19.5	1.01869	0.0336393
19.51	1.01821	0.0326208
19.52	1.01773	0.0316028
19.53	1.01725	0.0305853
19.54	1.01677	0.0295683
19.55	1.01629	0.0285518
19.56	1.0158	0.0275358
19.57	1.01532	0.0265202
19.58	1.01484	0.0255051
19.59	1.01435	0.0244905
19.6	1.01387	0.0234764
19.61	1.01339	0.0224628
19.62	1.0129	0.0214496
19.63	1.01242	0.020437
19.64	1.01193	0.0194248
19.65	1.01144	0.0184131
19.66	1.01096	0.0174019
19.67	1.01047	0.0163912
19.68	1.00998	0.015381
19.69	1.00949	0.0143713
19.7	1.009	0.013362
19.71	1.00851	0.0123532
19.72	1.00802	0.011345
19.73	1.00753	0.0103372
19.74	1.00704	0.00932991
19.75	1.00655	0.00832311
19.76	1.00606	0.0073168
19.77	1.00557	0.00631098
19.78	1.00508	0.00530566
19.79	1.00458	0.00430083
19.8	1.00409	0.00329649
19.81	1.0036	0.00229265
19.82	1.0031	0.0012893
19.83	1.00261	0.000286441
19.84	1.00211	-0.000715919
19.85	1.00162	-0.00171778
19.86	1.00112	-0.00271915
19.87	1.00062	-0.00372003
19.88	1.00013	-0.0047204
19.89	0.999629	-0.00572028
19.9	0.999131	-0.00671966
19.91	0.998632	-0.00771854
19.92	0.998133	-0.00871693
19.93	0.997634	-0.00971481
19.94	0.997134	-0.0107122
19.95	0.996633	-0.0117091
19.96	0.996132	-0.0127055
19.97	0.99563	-0.0137013
19.98	0.995128	-0.0146967
19.99	0.994625	-0.0156916

